2.012954334116585642e-01
4.342693021419554711e-01
6.631764259837653608e-01
1.327831672722746603e+00
2.052757995704697080e+00
2.104673607719808714e+00
2.335717794393632474e+00
2.723249576576137532e+00
3.013710585445894097e+00
3.635979127624740403e+00
4.378510734626119394e+00
4.447351976073287361e+00
5.250316149299438351e+00
5.518129198350513853e+00
5.675514593767413629e+00
5.675514593767413629e+00
6.140076525772303562e+00
6.428920195046298858e+00
6.678380323386517325e+00
7.561513074117349298e+00
8.030849323015065266e+00
8.605055022850821800e+00
8.919736668814753244e+00
9.491898716110540590e+00
1.027819824933213155e+01
1.050952517220530424e+01
1.077380624979532264e+01
1.122177502039886221e+01
1.131483312524544793e+01
1.157116780498492759e+01
1.183450642927083507e+01
1.220479122255732030e+01
1.227865821261962509e+01
1.274611398967895681e+01
1.274611398967895681e+01
1.298614339088275571e+01
1.298614339088275571e+01
1.337515414423423543e+01
1.345924378149593359e+01
1.371940279705797927e+01
1.390925710615695188e+01
1.421030814446414325e+01
1.445499259052653329e+01
1.482435906689791771e+01
1.493212882754396631e+01
1.574784705061263423e+01
1.613352627113729554e+01
1.660046052686618623e+01
1.661019464654396671e+01
1.685059376318207924e+01
1.746984091416162599e+01
1.762350411166615061e+01
1.804714323297994838e+01
1.867295957953809449e+01
1.907282213542742610e+01
1.910723082885571955e+01
1.953328792021752491e+01
2.000542895164813828e+01
2.000542895164813828e+01
2.030665789533488663e+01
2.073418654374015446e+01
2.113029099383293996e+01
2.182579589172425827e+01
2.242427647003171387e+01
2.289607762758122433e+01
2.289607762758122433e+01
2.309667276137218295e+01
2.370647572027510108e+01
2.440477695756542431e+01
2.524470961955874415e+01
2.571616599646839774e+01
2.637149764801316465e+01
2.637149764801316465e+01
2.683564513791239037e+01
2.743567165627307247e+01
2.743567165627307247e+01
2.801901146946011067e+01
2.819001818022722716e+01
2.880399922548066627e+01
2.948329260138277519e+01
2.984580817189157997e+01
2.998059003874119810e+01
3.050088048703768351e+01
3.095551547508730295e+01
3.107607368820406535e+01
3.141442171410363216e+01
3.209445036212316893e+01
3.209445036212316893e+01
3.209445036212316893e+01
3.231616211460517718e+01
3.285507036045965634e+01
3.285507036045965634e+01
3.303765279644249375e+01
3.312688321311607353e+01
3.351637862339902796e+01
3.385778394199349606e+01
3.418594012744720345e+01
3.482818337355666927e+01
3.547236612708565673e+01
3.550666259835152516e+01
3.593797138101466260e+01
3.670611852357583871e+01
3.729782320862958755e+01
3.780516542819373171e+01
3.822999134393348442e+01
3.868677731845045997e+01
3.933882412466139300e+01
3.937429846418141466e+01
4.000958988203134226e+01
4.000958988203134226e+01
4.056572451377869015e+01
4.060593871366513241e+01
4.109013962535833997e+01
4.109013962535833997e+01
4.154457572124754705e+01
4.154457572124754705e+01
4.206399765301416949e+01
4.209446182614629350e+01
4.220153645804837339e+01
4.220153645804837339e+01
4.220603042093090096e+01
4.229851137932554650e+01
4.267130796288800099e+01
4.282809602670956650e+01
4.343130585442521152e+01
4.385774826320654540e+01
4.448258474205373147e+01
4.456964546114480896e+01
4.495150444811256563e+01
4.531317457906441604e+01
4.537885595748829815e+01
4.537885595748829815e+01
4.583599261989560603e+01
4.610267644401456977e+01
4.662234106105094611e+01
4.691262377766388170e+01
4.721046121530749673e+01
4.752655749877426672e+01
4.778354252129709323e+01
4.829581187309267420e+01
4.833976965734348141e+01
4.891839280931424128e+01
4.892319224230000430e+01
4.942481094574766587e+01
4.970135290977263054e+01
5.016858557676315655e+01
5.067507109641863394e+01
5.106617861566998329e+01
5.154358563707418028e+01
5.171252047113124206e+01
5.193269616026779545e+01
5.193269616026779545e+01
5.286505282773408254e+01
5.286505282773408254e+01
5.340145358983978241e+01
5.374982607970120796e+01
5.462511651694654802e+01
5.467953203729944534e+01
5.467953203729944534e+01
5.520634510628148206e+01
5.520634510628148206e+01
5.559263350432518536e+01
5.618707144444488932e+01
5.660089613721292068e+01
5.679011652316357583e+01
5.688726214020665140e+01
5.731778311017544780e+01
5.746491794201025982e+01
5.809250698526119550e+01
5.839193094593012034e+01
5.849439537166112046e+01
5.849439537166112046e+01
5.849439537166112046e+01
5.871087330913205449e+01
5.905251966179034184e+01
5.962315948288537726e+01
6.004732818832756180e+01
6.032454244661263942e+01
6.037775037521605981e+01
6.099987506345011212e+01
6.151734656341234597e+01
6.180240567529580176e+01
6.218026835045834133e+01
6.278088247071337946e+01
6.307755941985667647e+01
6.337273870540929721e+01
6.337273870540929721e+01
6.415433948295144262e+01
6.425255480466253744e+01
6.438210072249671612e+01
6.450797634500723632e+01
6.525758799925529274e+01
6.568211795468103276e+01
6.603463462300992148e+01
6.639689113150005539e+01
6.664625567580149834e+01
6.678488907333537838e+01
6.684908846299506990e+01
6.710257797040911498e+01
6.729073290974402255e+01
6.766597036872535398e+01
6.791389116635025403e+01
6.824690669899194972e+01
6.825436390750409998e+01
6.853859973305935682e+01
6.880955174087127091e+01
6.890387734811815790e+01
6.904647732624069079e+01
6.904647732624069079e+01
6.975957218932441606e+01
6.983181833628603385e+01
6.995836062755959972e+01
6.995836062755959972e+01
7.002390154925619470e+01
7.037288634964967571e+01
7.095114901343595193e+01
7.151019350302726707e+01
7.209942689452701359e+01
7.232487092761986958e+01
7.232487092761986958e+01
7.287266708603492305e+01
7.301736092274789769e+01
7.350156182735597099e+01
7.370002587354566970e+01
7.409704106295964721e+01
7.411193482325926141e+01
7.417820525050370861e+01
7.417820525050370861e+01
7.452157513317041548e+01
7.483668468586704137e+01
7.541620307899552245e+01
7.541800223323123475e+01
7.569713549410272435e+01
7.605862958558041953e+01
7.642909262184531372e+01
7.671916974421176860e+01
7.672222403879169406e+01
7.705048890738878242e+01
7.705677624505518963e+01
7.705677624505518963e+01
7.745359466285592021e+01
7.785628805594163282e+01
7.798190399696986219e+01
7.798190399696986219e+01
7.841085052860914573e+01
7.878132651565094591e+01
7.913005762262298504e+01
7.913005762262298504e+01
7.957265875329935056e+01
7.964680540740631898e+01
7.964680540740631898e+01
8.001894594387157156e+01
8.030123110242540463e+01
8.057634440559363043e+01
8.096525923076694653e+01
8.105706042287397395e+01
8.165940625829952637e+01
8.195286785848193745e+01
8.228665690104872965e+01
8.241543968056885205e+01
8.241543968056885205e+01
8.241543968056885205e+01
8.241543968056885205e+01
8.250625922410182511e+01
8.290643759181534733e+01
8.310204679577906006e+01
8.340893850258747477e+01
8.340893850258747477e+01
8.377743442870610124e+01
8.377743442870610124e+01
8.380199691408829210e+01
8.398072181652379697e+01
8.398072181652379697e+01
8.405238030406950145e+01
8.405238030406950145e+01
8.461112539710073577e+01
8.461112539710073577e+01
8.535582838555532703e+01
8.535582838555532703e+01
8.535582838555532703e+01
8.541784601772789642e+01
8.557265680089147963e+01
8.557265680089147963e+01
8.598016623398875424e+01
8.645841582651952706e+01
8.682663094975070806e+01
8.712022772336842991e+01
8.712022772336842991e+01
8.746089639973439489e+01
8.778590090160363957e+01
8.778590090160363957e+01
8.798921838906476012e+01
8.807971840858104429e+01
8.825270859133564727e+01
8.825270859133564727e+01
8.852612437487758257e+01
8.885121925508883578e+01
8.885121925508883578e+01
8.885121925508883578e+01
8.924011386677864266e+01
8.924011386677864266e+01
8.934363645356795303e+01
8.974626363977743893e+01
8.975418042705342714e+01
8.975418042705342714e+01
9.002240861236434455e+01
9.012375904813011118e+01
9.065771150876361162e+01
9.065771150876361162e+01
9.099171615003793079e+01
9.135428338644356927e+01
9.175130547927111024e+01
9.188149554696444454e+01
9.188149554696444454e+01
9.188149554696444454e+01
9.188149554696444454e+01
9.188149554696444454e+01
9.195379833277098669e+01
9.195379833277098669e+01
9.200513236192536226e+01
9.222169640625131137e+01
9.263924239372768454e+01
9.276747325239639963e+01
9.279510769594405417e+01
9.279510769594405417e+01
9.279510769594405417e+01
9.336668229432416410e+01
9.336668229432416410e+01
9.385623559915796932e+01
9.401686333861148626e+01
9.413081921806747232e+01
9.413081921806747232e+01
9.460847153911977614e+01
9.463436925916727205e+01
9.473106635731288350e+01
9.503642299874503863e+01
9.550625912299889819e+01
9.602224427258646244e+01
9.603905906721533370e+01
9.603905906721533370e+01
9.627787351990150455e+01
9.627787351990150455e+01
9.627787351990150455e+01
9.660580622832412701e+01
9.671438305068457453e+01
9.689088425905154622e+01
9.704223422509669206e+01
9.718688717391093235e+01
9.718688717391093235e+01
9.720526925559553888e+01
9.720526925559553888e+01
9.726707515027065654e+01
9.741526852641050027e+01
9.741526852641050027e+01
9.741526852641050027e+01
9.741526852641050027e+01
9.762657827821776380e+01
9.762657827821776380e+01
9.774809659802565420e+01
9.789815415811484911e+01
9.807061571746922368e+01
9.817352868910450070e+01
9.817352868910450070e+01
9.847505663215014238e+01
9.870619562009868275e+01
9.874975510858173777e+01
9.874975510858173777e+01
9.874975510858173777e+01
9.923270993066391554e+01
9.923270993066391554e+01
9.923270993066391554e+01
9.927423389394297715e+01
9.927423389394297715e+01
9.927423389394297715e+01
9.950779080378354990e+01
9.971143632532819367e+01
9.971143632532819367e+01
9.977849913322775421e+01
9.986230714472532100e+01
9.986230714472532100e+01
1.000297524787589936e+02
1.002375089604058331e+02
1.002649194602982305e+02
1.003901343111571123e+02
1.003901343111571123e+02
1.005430553315572126e+02
1.006426122840058639e+02
1.006426122840058639e+02
1.007015346548779462e+02
1.008798375421650917e+02
1.012188285416944922e+02
1.012188285416944922e+02
1.012618856362939681e+02
1.013444750738103153e+02
1.016084428894062484e+02
1.020962823347676931e+02
1.022643693323713308e+02
1.022643693323713308e+02
1.022643693323713308e+02
1.022643693323713308e+02
1.022643693323713308e+02
1.023109271184660827e+02
1.023193703694621632e+02
1.023193703694621632e+02
1.026125981005621384e+02
1.026798920805395454e+02
1.026798920805395454e+02
1.028577877526044801e+02
1.028577877526044801e+02
1.031442019104987651e+02
1.031442019104987651e+02
1.031442019104987651e+02
1.034913669399596330e+02
1.034913669399596330e+02
1.034913669399596330e+02
1.034913669399596330e+02
1.036967186356326494e+02
1.037276401249705629e+02
1.038229298594098680e+02
1.038229298594098680e+02
1.042208724940036859e+02
1.042208724940036859e+02
1.044179016211741811e+02
1.044179016211741811e+02
1.044179016211741811e+02
1.044907106289131633e+02
1.044907106289131633e+02
1.044907106289131633e+02
1.044907106289131633e+02
1.044907106289131633e+02
1.044907106289131633e+02
1.044907106289131633e+02
1.045316977042931796e+02
1.046211163779736637e+02
1.046605926212860709e+02
1.049226959722548145e+02
1.049226959722548145e+02
1.049226959722548145e+02
1.049226959722548145e+02
1.050677568897400818e+02
1.051047810405427896e+02
1.052294899715143970e+02
1.052482003675485061e+02
1.055424455522916105e+02
1.055424455522916105e+02
1.059792591938352047e+02
1.060663446605779114e+02
1.060663446605779114e+02
1.061030297979918657e+02
1.062073393064711837e+02
1.064141189816813977e+02
1.064141189816813977e+02
1.064141189816813977e+02
1.064141189816813977e+02
1.064141189816813977e+02
1.064753427537000476e+02
1.065127421100551999e+02
1.065565053704980727e+02
1.065565053704980727e+02
1.065565053704980727e+02
1.065565053704980727e+02
1.065565053704980727e+02
1.065565053704980727e+02
1.065565053704980727e+02
1.065565053704980727e+02
1.066492908729997140e+02
1.066492908729997140e+02
1.068623784092972500e+02
1.068623784092972500e+02
1.068623784092972500e+02
1.068623784092972500e+02
1.068623784092972500e+02
1.071720216225247810e+02
1.071720216225247810e+02
1.072162155164397745e+02
1.073224759041462022e+02
1.073224759041462022e+02
1.074825615784239972e+02
1.075539644121383702e+02
1.075539644121383702e+02
1.075539644121383702e+02
1.077057051861493875e+02
1.077057051861493875e+02
1.077370441319226018e+02
1.077370441319226018e+02
1.078127849895268611e+02
1.078127849895268611e+02
1.078127849895268611e+02
1.078127849895268611e+02
1.078127849895268611e+02
1.078482429808568241e+02
1.078482429808568241e+02
1.078482429808568241e+02
1.078482429808568241e+02
1.078482429808568241e+02
1.078514044053755896e+02
1.078563920972936785e+02
1.079246405204502821e+02
1.081015128707608568e+02
1.081015128707608568e+02
1.081015128707608568e+02
1.081015128707608568e+02
1.081015128707608568e+02
1.083480833793756943e+02
1.083480833793756943e+02
1.083676067475671516e+02
1.083676067475671516e+02
1.083676067475671516e+02
1.085402589201060692e+02
1.085402589201060692e+02
1.085402589201060692e+02
1.087707944179387880e+02
1.089718818048343962e+02
1.089718818048343962e+02
1.089718818048343962e+02
1.089972629484914393e+02
1.090817158220455099e+02
1.090817158220455099e+02
1.090817158220455099e+02
1.091227911642239263e+02
1.091348036739198477e+02
1.092368564678878755e+02
1.092368564678878755e+02
1.092697110020071136e+02
1.093005961589862665e+02
1.093005961589862665e+02
1.094932603842218555e+02
1.094932603842218555e+02
1.094932603842218555e+02
1.096055503191371940e+02
1.096930784050997545e+02
1.096930784050997545e+02
1.096930784050997545e+02
1.097619402136026707e+02
1.097619402136026707e+02
1.097619402136026707e+02
1.097772453616933745e+02
1.098097652367087136e+02
1.098097652367087136e+02
1.098097652367087136e+02
1.098097652367087136e+02
1.098097652367087136e+02
1.098097652367087136e+02
1.098764544401769285e+02
1.099915571006186923e+02
1.099980378634363092e+02
1.101840937151679043e+02
1.101840937151679043e+02
1.102453113618105220e+02
1.102453113618105220e+02
1.102453113618105220e+02
1.102453113618105220e+02
1.102453113618105220e+02
1.103536337156489822e+02
1.103536337156489822e+02
1.105635777444244638e+02
1.107925323574641681e+02
1.107925323574641681e+02
1.107925323574641681e+02
1.111549003501975506e+02
1.111961384677153717e+02
1.112796103404507022e+02
1.113341274772719771e+02
1.114137231451889392e+02
1.114137231451889392e+02
1.114137231451889392e+02
1.114137231451889392e+02
1.115094689534268895e+02
1.116600760505169916e+02
1.120506501972799498e+02
1.122813747066654884e+02
1.123066374785326929e+02
1.123066374785326929e+02
1.123316983430918441e+02
1.123316983430918441e+02
1.123967090528803681e+02
1.125477866331270889e+02
1.125978859931824729e+02
1.125978859931824729e+02
1.125978859931824729e+02
1.127392925298342305e+02
1.127392925298342305e+02
1.127392925298342305e+02
1.127392925298342305e+02
1.127392925298342305e+02
1.128035680018544156e+02
1.128035680018544156e+02
1.128035680018544156e+02
1.128207791443411310e+02
1.130457909254614179e+02
1.130457909254614179e+02
1.130457909254614179e+02
1.132360235383576708e+02
1.132360235383576708e+02
1.132360235383576708e+02
1.132360235383576708e+02
1.133850429494305558e+02
1.134167614737136915e+02
1.134167614737136915e+02
1.134167614737136915e+02
1.134167614737136915e+02
1.134167614737136915e+02
1.134167614737136915e+02
1.134167614737136915e+02
1.134757659457236230e+02
1.134757659457236230e+02
1.134757659457236230e+02
1.134757659457236230e+02
1.134757659457236230e+02
1.134757659457236230e+02
1.135241044611702961e+02
1.135241044611702961e+02
1.135241044611702961e+02
1.136491221617547467e+02
1.136491221617547467e+02
1.137022231124957443e+02
1.139114326756562150e+02
1.139114326756562150e+02
1.139114326756562150e+02
1.140045409333355195e+02
1.140045409333355195e+02
1.140045409333355195e+02
1.140045409333355195e+02
1.140045409333355195e+02
1.140172738504894880e+02
1.140172738504894880e+02
1.143399487004175512e+02
1.145542182760069352e+02
1.145542182760069352e+02
1.145972049784100193e+02
1.145972049784100193e+02
1.145972049784100193e+02
1.145972049784100193e+02
1.145972049784100193e+02
1.145972049784100193e+02
1.145972049784100193e+02
1.146135866490478179e+02
1.146632802196334922e+02
1.146752841889805126e+02
1.146752841889805126e+02
1.149606506867968250e+02
1.149606506867968250e+02
1.151815032462391457e+02
1.153615693737858692e+02
1.155067133999317406e+02
1.156973362818123832e+02
1.157344671779794680e+02
1.157344671779794680e+02
1.160182225101295188e+02
1.160182225101295188e+02
1.160182225101295188e+02
1.160182225101295188e+02
1.160182225101295188e+02
1.160182225101295188e+02
1.161998616487379650e+02
1.161998616487379650e+02
1.161998616487379650e+02
1.161998616487379650e+02
1.161998616487379650e+02
1.164078229485201632e+02
1.164078229485201632e+02
1.164078229485201632e+02
1.164078229485201632e+02
1.164078229485201632e+02
1.164078229485201632e+02
1.164475679827686605e+02
1.164475679827686605e+02
1.164475679827686605e+02
1.164986419824489161e+02
1.165676372542585710e+02
1.165676372542585710e+02
1.165886288582396162e+02
1.165886288582396162e+02
1.167186179592860213e+02
1.167186179592860213e+02
1.167186179592860213e+02
1.167663106683083356e+02
1.167663106683083356e+02
1.168197595390427495e+02
1.168197595390427495e+02
1.168197595390427495e+02
1.170430714587715215e+02
1.171538292980145002e+02
1.171538292980145002e+02
1.171538292980145002e+02
1.171538292980145002e+02
1.171538292980145002e+02
1.171810776737139577e+02
1.171810776737139577e+02
1.171810776737139577e+02
1.173663179388282458e+02
1.173663179388282458e+02
1.173663179388282458e+02
1.173663179388282458e+02
1.173663179388282458e+02
1.173663179388282458e+02
1.173663179388282458e+02
1.176706869987143875e+02
1.176706869987143875e+02
1.177578034878151243e+02
1.177578034878151243e+02
1.177578034878151243e+02
1.178038056173145236e+02
1.178038056173145236e+02
1.178038056173145236e+02
1.180200609665452731e+02
1.180200609665452731e+02
1.180822561526584309e+02
1.180822561526584309e+02
1.180822561526584309e+02
1.180822561526584309e+02
1.180822561526584309e+02
1.180822561526584309e+02
1.180822561526584309e+02
1.180822561526584309e+02
1.180822561526584309e+02
1.181455975512633785e+02
1.182831428877524189e+02
1.184856364225835677e+02
1.185897318001786260e+02
1.185897318001786260e+02
1.185897318001786260e+02
1.185897318001786260e+02
1.185897318001786260e+02
1.186599112184189693e+02
1.186636581889756314e+02
1.186636581889756314e+02
1.187672353324218193e+02
1.188943509402784144e+02
1.188943509402784144e+02
1.188943509402784144e+02
1.188943509402784144e+02
1.188943509402784144e+02
1.189894519707602996e+02
1.191162228916515460e+02
1.191162228916515460e+02
1.191430559357671086e+02
1.191430559357671086e+02
1.191430559357671086e+02
1.191430559357671086e+02
1.191430559357671086e+02
1.192794574737311422e+02
1.193361832348074216e+02
1.193361832348074216e+02
1.193708725419212300e+02
1.193708725419212300e+02
1.194866779034439901e+02
1.195730547370218630e+02
1.195730547370218630e+02
1.195730547370218630e+02
1.197606930479054341e+02
1.199020917294846384e+02
1.199020917294846384e+02
1.199020917294846384e+02
1.199020917294846384e+02
1.199376701003096883e+02
1.199376701003096883e+02
1.199756184505633883e+02
1.199756184505633883e+02
1.199756184505633883e+02
1.199756184505633883e+02
1.199756184505633883e+02
1.199756184505633883e+02
1.199756184505633883e+02
1.199756184505633883e+02
1.199756184505633883e+02
1.199756184505633883e+02
1.200714805168575907e+02
1.201241642061108621e+02
1.202094623117539101e+02
1.202094623117539101e+02
1.202094623117539101e+02
1.202094623117539101e+02
1.202349132232177027e+02
1.202809734443614218e+02
1.205675173051427578e+02
1.205675173051427578e+02
1.205675173051427578e+02
1.207137773331320290e+02
1.207137773331320290e+02
1.207137773331320290e+02
1.207137773331320290e+02
1.207137773331320290e+02
1.207137773331320290e+02
1.208262808532514612e+02
1.208262808532514612e+02
1.208262808532514612e+02
1.208262808532514612e+02
1.209472184806591315e+02
1.210965227101869885e+02
1.210965227101869885e+02
1.210965227101869885e+02
1.211563272900239951e+02
1.211563272900239951e+02
1.212370346591211359e+02
1.212370346591211359e+02
1.212489385738062424e+02
1.212489385738062424e+02
1.215122568019004916e+02
1.215927359033917980e+02
1.216083146351527091e+02
1.216196166180885854e+02
1.216196166180885854e+02
1.216196166180885854e+02
1.216196166180885854e+02
1.216812149036088613e+02
1.216812149036088613e+02
1.216812149036088613e+02
1.218448419885151139e+02
1.219250326287035904e+02
1.219612156789799826e+02
1.221569298954316878e+02
1.222368314572381252e+02
1.223140644265077270e+02
1.223140644265077270e+02
1.224098755503158600e+02
1.224221116469168606e+02
1.224221116469168606e+02
1.224221116469168606e+02
1.224221116469168606e+02
1.224221116469168606e+02
1.224221116469168606e+02
1.224221116469168606e+02
1.224221116469168606e+02
1.224221116469168606e+02
1.225086901532963850e+02
1.225737890445612663e+02
1.225737890445612663e+02
1.225737890445612663e+02
1.225737890445612663e+02
1.225737890445612663e+02
1.225737890445612663e+02
1.225737890445612663e+02
1.227179036582359686e+02
1.228104389359324955e+02
1.228422804947030329e+02
1.229889952737907493e+02
1.229889952737907493e+02
1.229889952737907493e+02
1.229889952737907493e+02
1.229889952737907493e+02
1.230105772499968992e+02
1.231226867867264190e+02
1.231226867867264190e+02
1.232242867994141591e+02
1.232242867994141591e+02
1.232242867994141591e+02
1.232242867994141591e+02
1.232242867994141591e+02
1.233213461330152967e+02
1.233260513633081814e+02
1.234602686427715810e+02
1.234923802573815550e+02
1.234923802573815550e+02
1.234923802573815550e+02
1.234923802573815550e+02
1.234923802573815550e+02
1.234923802573815550e+02
1.234923802573815550e+02
1.234923802573815550e+02
1.236060262486847137e+02
1.236060262486847137e+02
1.236282510321088637e+02
1.236282510321088637e+02
1.237493402615218230e+02
1.239087294173612293e+02
1.239087294173612293e+02
1.239087294173612293e+02
1.239087294173612293e+02
1.239770453481070120e+02
1.239770453481070120e+02
1.239770453481070120e+02
1.240577001832586461e+02
1.240577001832586461e+02
1.242529102748224688e+02
1.242601305504801417e+02
1.242601305504801417e+02
1.242601305504801417e+02
1.243144200296218571e+02
1.244353577684176173e+02
1.244353577684176173e+02
1.245324454214037644e+02
1.245324454214037644e+02
1.245324454214037644e+02
1.246275163480595438e+02
1.246275163480595438e+02
1.246529993423161216e+02
1.246529993423161216e+02
1.246529993423161216e+02
1.246529993423161216e+02
1.246529993423161216e+02
1.246529993423161216e+02
1.246529993423161216e+02
1.246529993423161216e+02
1.247623972513239607e+02
1.248673078239853282e+02
1.248912772362429848e+02
1.248912772362429848e+02
1.248912772362429848e+02
1.249437934919062485e+02
1.249437934919062485e+02
1.249437934919062485e+02
1.250885546355187046e+02
1.250885546355187046e+02
1.250885546355187046e+02
1.250885546355187046e+02
1.250885546355187046e+02
1.251097462766813209e+02
1.251097462766813209e+02
1.252219768996450284e+02
1.252219768996450284e+02
1.252219768996450284e+02
1.252219768996450284e+02
1.252219768996450284e+02
1.252219768996450284e+02
1.252219768996450284e+02
1.252219768996450284e+02
1.252219768996450284e+02
1.252219768996450284e+02
1.252219768996450284e+02
1.252219768996450284e+02
1.252219768996450284e+02
1.252219768996450284e+02
1.253131186930325498e+02
1.253131186930325498e+02
1.254908890063224050e+02
1.254908890063224050e+02
1.254908890063224050e+02
1.254908890063224050e+02
1.254908890063224050e+02
1.254908890063224050e+02
1.254908890063224050e+02
1.254908890063224050e+02
1.256533805032191964e+02
1.256533805032191964e+02
1.256533805032191964e+02
1.257740145778896164e+02
1.257740145778896164e+02
1.257740145778896164e+02
1.257740145778896164e+02
1.258597784344570840e+02
1.258597784344570840e+02
1.258597784344570840e+02
1.258597784344570840e+02
1.258597784344570840e+02
1.258597784344570840e+02
1.260198333461902109e+02
1.260198333461902109e+02
1.262624569373193992e+02
1.262624569373193992e+02
1.262624569373193992e+02
1.262624569373193992e+02
1.262624569373193992e+02
1.262624569373193992e+02
1.262713754253778689e+02
1.263247054640695239e+02
1.263247054640695239e+02
1.263247054640695239e+02
1.264566475299506720e+02
1.264998343374884655e+02
1.265545348106742125e+02
1.266674760115858192e+02
1.266674760115858192e+02
1.266674760115858192e+02
1.266674760115858192e+02
1.266674760115858192e+02
1.266674760115858192e+02
1.266674760115858192e+02
1.266674760115858192e+02
1.266674760115858192e+02
1.266674760115858192e+02
1.269259066146635035e+02
1.269543969210696872e+02
1.271125441149105200e+02
1.271377015407160087e+02
1.271377015407160087e+02
1.272281522332585695e+02
1.272281522332585695e+02
1.272281522332585695e+02
1.272281522332585695e+02
1.272804078285355871e+02
1.272804078285355871e+02
1.273063893753332394e+02
1.273063893753332394e+02
1.273063893753332394e+02
1.273063893753332394e+02
1.274168747914761184e+02
1.274168747914761184e+02
1.274168747914761184e+02
1.275197661906941846e+02
1.276350149482147600e+02
1.276350149482147600e+02
1.276350149482147600e+02
1.276569291929922088e+02
1.276569291929922088e+02
1.276569291929922088e+02
1.276569291929922088e+02
1.276569291929922088e+02
1.276569291929922088e+02
1.276569291929922088e+02
