4.923848611141421472e-01
1.077698821789397021e+00
1.758411860360958645e+00
1.853802548841348319e+00
2.710637215667357935e+00
3.063062824507355675e+00
3.150316155560842546e+00
3.340480545965538894e+00
4.015215498472656463e+00
4.233326039541331909e+00
4.628588672016862304e+00
4.753072737234399270e+00
5.305365650397775745e+00
5.769792122413586632e+00
6.070726122922192047e+00
6.506294651369175952e+00
6.936122161736207659e+00
7.561217395779960881e+00
8.168788630122422845e+00
8.525134954324512293e+00
8.858782138053117095e+00
9.161798333198797550e+00
1.007019591262736924e+01
1.037478404770230611e+01
1.038064742768009374e+01
1.053696181436161439e+01
1.078257542790954560e+01
1.109372341332560197e+01
1.109372341332560197e+01
1.179963282725345941e+01
1.184304010919473704e+01
1.200719949021932464e+01
1.231574026279320222e+01
1.286735965805041637e+01
1.336623499429940765e+01
1.393359101536057132e+01
1.452161953376940318e+01
1.541048334602156444e+01
1.562444361815273197e+01
1.634645350866292546e+01
1.666158799773782206e+01
1.702028416458453819e+01
1.732597732771933607e+01
1.780482538335544618e+01
1.780482538335544618e+01
1.833884306238116224e+01
1.896545595512462512e+01
1.965979434242974122e+01
1.993522647777928114e+01
2.027851610771141466e+01
2.075010734584756733e+01
2.131744592644866643e+01
2.173763441207414715e+01
2.212386125738823850e+01
2.270454077771541890e+01
2.306071190163553197e+01
2.348484124810711293e+01
2.383015352266523479e+01
2.451415167462851485e+01
2.453968246000662390e+01
2.494305846964104845e+01
2.494305846964104845e+01
2.517683233414242849e+01
2.544687903954864439e+01
2.554031728359270659e+01
2.635953850500949258e+01
2.672387410789617235e+01
2.729555246160601811e+01
2.802218749085074734e+01
2.858970379477978341e+01
2.964816605968979601e+01
3.018940340885979268e+01
3.062744777913415462e+01
3.066709276121108374e+01
3.089558005371864269e+01
3.124719829960073625e+01
3.151915447332407894e+01
3.181464294183315644e+01
3.220841774919160372e+01
3.220841774919160372e+01
3.248857170678667927e+01
3.248857170678667927e+01
3.304262232767538165e+01
3.338690495361957034e+01
3.374134426657526831e+01
3.421420364184713492e+01
3.486764159750475045e+01
3.508634551749286601e+01
3.508634551749286601e+01
3.551418103584988728e+01
3.551418103584988728e+01
3.591828628601571438e+01
3.663609261430144670e+01
3.704071483499434692e+01
3.730656051109882299e+01
3.730656051109882299e+01
3.753512423562670364e+01
3.779515292712286367e+01
3.840893352076080447e+01
3.852939972533651769e+01
3.881361787568217636e+01
3.896835752156901123e+01
3.946805140420550373e+01
3.984338468398424737e+01
3.995182963110379859e+01
4.038206874537719671e+01
4.038206874537719671e+01
4.067961499502941081e+01
4.119888397836727734e+01
4.127834905973677593e+01
4.198212699653709734e+01
4.244244577888537151e+01
4.288809464725697040e+01
4.325095277989970555e+01
4.381036114591079667e+01
4.440592191869411209e+01
4.460379999876787593e+01
4.497342984945411359e+01
4.555083487414300691e+01
4.575078995152939143e+01
4.607760464667088485e+01
4.634220736031883092e+01
4.710845895689012508e+01
4.731879110634919527e+01
4.804297052191918738e+01
4.819693596413861769e+01
4.862227922924550683e+01
4.898763959780184507e+01
4.920436728814269145e+01
4.977899452710683192e+01
4.977899452710683192e+01
5.046392185174274658e+01
5.046392185174274658e+01
5.074099506075852872e+01
5.122305297701353055e+01
5.171048601567366632e+01
5.186812386304089983e+01
5.205939577356519976e+01
5.246771521003645233e+01
5.250724611541307496e+01
5.282533128087205654e+01
5.318116276842393120e+01
5.370999785844046670e+01
5.411843161595005114e+01
5.422031430325234425e+01
5.464912591287355781e+01
5.485156184963770443e+01
5.540466359951368958e+01
5.540466359951368958e+01
5.561983533757523190e+01
5.568718962086088453e+01
5.568718962086088453e+01
5.591455055337449664e+01
5.630665635756805898e+01
5.646928405821520158e+01
5.681200427820716925e+01
5.686412485470530953e+01
5.697406508546913528e+01
5.697406508546913528e+01
5.743104097680843267e+01
5.786161572763341354e+01
5.818447266594931477e+01
5.819063787453717396e+01
5.845111618141687160e+01
5.845111618141687160e+01
5.845111618141687160e+01
5.845111618141687160e+01
5.845111618141687160e+01
5.865072231750058762e+01
5.900192865171801770e+01
5.900377998938542135e+01
5.931844233991333226e+01
5.968976814757167659e+01
5.980794337176747888e+01
6.016092051683548902e+01
6.035413900314370750e+01
6.044131653789344938e+01
6.044131653789344938e+01
6.077041424284885096e+01
6.100572048047351359e+01
6.145335072920135389e+01
6.180490369929464123e+01
6.208670074119577720e+01
6.234204967028803424e+01
6.264075558283707323e+01
6.294958622255759195e+01
6.316655262761851475e+01
6.371246962705632200e+01
6.371246962705632200e+01
6.374991172856790200e+01
6.406987297506252332e+01
6.406987297506252332e+01
6.437153760621323784e+01
6.470249743731784520e+01
6.518912383423685242e+01
6.539808695872109467e+01
6.546464892986028872e+01
6.546464892986028872e+01
6.546464892986028872e+01
6.569005964112812990e+01
6.612229429708624195e+01
6.612229429708624195e+01
6.630464188088605226e+01
6.642735982789297111e+01
6.678267385353086638e+01
6.710601526885820078e+01
6.753060225666467886e+01
6.791141493893755410e+01
6.791141493893755410e+01
6.791141493893755410e+01
6.807439029175179712e+01
6.807439029175179712e+01
6.834083932894023405e+01
6.892850473634403841e+01
6.930318874951201735e+01
6.944267192268374345e+01
6.957873441918150093e+01
6.973487769198291630e+01
7.000506495470567359e+01
7.001198052259385918e+01
7.029995997160557408e+01
7.048824270042582896e+01
7.084328176437992397e+01
7.084328176437992397e+01
7.084328176437992397e+01
7.099354770697901529e+01
7.115170953825438005e+01
7.144104689609697800e+01
7.152089180951858793e+01
7.177231912205203912e+01
7.197477780976761608e+01
7.223531201332039586e+01
7.262441673238444650e+01
7.305200146221351076e+01
7.305200146221351076e+01
7.305200146221351076e+01
7.311300185085769954e+01
7.387958967331522331e+01
7.405873389649174499e+01
7.422428863751021311e+01
7.435289203843524319e+01
7.435289203843524319e+01
7.447028593930185991e+01
7.447028593930185991e+01
7.478526401982458083e+01
7.506041344190964537e+01
7.532133198095249327e+01
7.559793346437480466e+01
7.575370346391210319e+01
7.592639127454624770e+01
7.649889147037545456e+01
7.693479768949019615e+01
7.730678683395166217e+01
7.730921106058850967e+01
7.730921106058850967e+01
7.755713374003697425e+01
7.764736106267808680e+01
7.764736106267808680e+01
7.810501017593092854e+01
7.810501017593092854e+01
7.830787877079319514e+01
7.850631514858110904e+01
7.862704332912569782e+01
7.884204387622229149e+01
7.884204387622229149e+01
7.886339544747933417e+01
7.930374411378498678e+01
7.966702725027688814e+01
8.035003858963233370e+01
8.114344496583886723e+01
8.121632122661632991e+01
8.121632122661632991e+01
8.121632122661632991e+01
8.128905756142799532e+01
8.185005697871035579e+01
8.212084261584236344e+01
8.212084261584236344e+01
8.212084261584236344e+01
8.242451129400556908e+01
8.297547400669679973e+01
8.342400471639811599e+01
8.393508996565083180e+01
8.437299976202471896e+01
8.448058232818945612e+01
8.469736584373791288e+01
8.533523175625590795e+01
8.548094650178583720e+01
8.572634850861724942e+01
8.589378669942895783e+01
8.598389848117005840e+01
8.642231965124912563e+01
8.673372562902559935e+01
8.673372562902559935e+01
8.673372562902559935e+01
8.673372562902559935e+01
8.686855521008426706e+01
8.740169052260785065e+01
8.784495082343671868e+01
8.833809028467481994e+01
8.849248307914145073e+01
8.857585858402808299e+01
8.857585858402808299e+01
8.857585858402808299e+01
8.890388362303328051e+01
8.890388362303328051e+01
8.939411042412326935e+01
8.948241042562970904e+01
8.948241042562970904e+01
8.975407484163483218e+01
9.018835913798841375e+01
9.031124712782371944e+01
9.031124712782371944e+01
9.104390799023907732e+01
9.132360311415376941e+01
9.134209209412824748e+01
9.156764638570908232e+01
9.179819087103784625e+01
9.226022823288997188e+01
9.254608537041809768e+01
9.254608537041809768e+01
9.310329950300430824e+01
9.315550957026673018e+01
9.332778575463245829e+01
9.373927294788393283e+01
9.384613847880822846e+01
9.416128064858365576e+01
9.421692777591988488e+01
9.422470962973427788e+01
9.485423539899132095e+01
9.513953079738776353e+01
9.513953079738776353e+01
9.528118462295709890e+01
9.528118462295709890e+01
9.538680492671574029e+01
9.553422976170588754e+01
9.589930408024225983e+01
9.589930408024225983e+01
9.632868983544091179e+01
9.632868983544091179e+01
9.651379932511716220e+01
9.655527633408789256e+01
9.688081039158907970e+01
9.700818545039638252e+01
9.720882498229300950e+01
9.720882498229300950e+01
9.725995818691094996e+01
9.729473905792397659e+01
9.734050673333162251e+01
9.798116280567552394e+01
9.798116280567552394e+01
9.798116280567552394e+01
9.798116280567552394e+01
9.809028206343346312e+01
9.843034008138525337e+01
9.843034008138525337e+01
9.867011392360545585e+01
9.879340776582171202e+01
9.889014915883461754e+01
9.889014915883461754e+01
9.889014915883461754e+01
9.907281935467329959e+01
9.907281935467329959e+01
9.940594879135340989e+01
9.955566175608674939e+01
1.000189516980711772e+02
1.000189516980711772e+02
1.005652294819597756e+02
1.005652294819597756e+02
1.007281984518488116e+02
1.007281984518488116e+02
1.008380380119696440e+02
1.011642344485911877e+02
1.014650641316814585e+02
1.017502451280336544e+02
1.019114965522680194e+02
1.019114965522680194e+02
1.021801951731455063e+02
1.024360302766543924e+02
1.029603315402909374e+02
1.029603315402909374e+02
1.029603315402909374e+02
1.033362312719646354e+02
1.033362312719646354e+02
1.033362312719646354e+02
1.036912677886933238e+02
1.040583095465498644e+02
1.044374870211381108e+02
1.046058031055636661e+02
1.046058031055636661e+02
1.046782469814541514e+02
1.050300549992024628e+02
1.052566031480563424e+02
1.052566031480563424e+02
1.054387532093113151e+02
1.054387532093113151e+02
1.056884439594852978e+02
1.059036474747526739e+02
1.061615535207005934e+02
1.061615535207005934e+02
1.062409809457471681e+02
1.062409809457471681e+02
1.063561279813442582e+02
1.068546728463663982e+02
1.072101482002422586e+02
1.072101482002422586e+02
1.072101482002422586e+02
1.072523715258678294e+02
1.072523715258678294e+02
1.072523715258678294e+02
1.072523715258678294e+02
1.076359906151055839e+02
1.078130858956990039e+02
1.078130858956990039e+02
1.078130858956990039e+02
1.078130858956990039e+02
1.080577523355090221e+02
1.080577523355090221e+02
1.080577523355090221e+02
1.080577523355090221e+02
1.081130131489048125e+02
1.082367226270472713e+02
1.082367226270472713e+02
1.083622149276280595e+02
1.083683932214078993e+02
1.083988145196257449e+02
1.085618317696910964e+02
1.085618317696910964e+02
1.086166528129570281e+02
1.086166528129570281e+02
1.088656105016616351e+02
1.089357389909907425e+02
1.092021738778360600e+02
1.094100609522798493e+02
1.094100609522798493e+02
1.094100609522798493e+02
1.096952169189172395e+02
1.097432509111779808e+02
1.099188021159210251e+02
1.099416309477498288e+02
1.099859696044226922e+02
1.099859696044226922e+02
1.099859696044226922e+02
1.100367883969647664e+02
1.100367883969647664e+02
1.100367883969647664e+02
1.100367883969647664e+02
1.101315265698097221e+02
1.102890173081044622e+02
1.106387380952059658e+02
1.106891844470109447e+02
1.109329493591560976e+02
1.109929550324517606e+02
1.109929550324517606e+02
1.109929550324517606e+02
1.109929550324517606e+02
1.110768527912830734e+02
1.110768527912830734e+02
1.110768527912830734e+02
1.110768527912830734e+02
1.111157876198107459e+02
1.111157876198107459e+02
1.111157876198107459e+02
1.111157876198107459e+02
1.111157876198107459e+02
1.111157876198107459e+02
1.111157876198107459e+02
1.111157876198107459e+02
1.112137639213046896e+02
1.112137639213046896e+02
1.113545242647987550e+02
1.113762794686815312e+02
1.113762794686815312e+02
1.113762794686815312e+02
1.113762794686815312e+02
1.114839924504233721e+02
1.114839924504233721e+02
1.117086462334663111e+02
1.117086462334663111e+02
1.117286419612230759e+02
1.117286419612230759e+02
1.118553805340211653e+02
1.118728492158463439e+02
1.119282462513742047e+02
1.119282462513742047e+02
1.119282462513742047e+02
1.119570942099496165e+02
1.121499554719931950e+02
1.122181938209624121e+02
1.123401420415207781e+02
1.123401420415207781e+02
1.123401420415207781e+02
1.123401420415207781e+02
1.123401420415207781e+02
1.123401420415207781e+02
1.123401420415207781e+02
1.125789229172505514e+02
1.125789229172505514e+02
1.126209913850904059e+02
1.126209913850904059e+02
1.126486928930380174e+02
1.127675797598649581e+02
1.127675797598649581e+02
1.132004163483610597e+02
1.132004163483610597e+02
1.132004163483610597e+02
1.132004163483610597e+02
1.132004163483610597e+02
1.132004163483610597e+02
1.132356266945269283e+02
1.132356266945269283e+02
1.133210854245885457e+02
1.133533494351221691e+02
1.133878282165153593e+02
1.133878282165153593e+02
1.134932130493266840e+02
1.134932130493266840e+02
1.135182129878476474e+02
1.135897069915597655e+02
1.135897069915597655e+02
1.137778238437992258e+02
1.137778238437992258e+02
1.137778238437992258e+02
1.137778238437992258e+02
1.138539779081019105e+02
1.138539779081019105e+02
1.139982815957292672e+02
1.139982815957292672e+02
1.140116577307891390e+02
1.140116577307891390e+02
1.142313523842951781e+02
1.142313523842951781e+02
1.142313523842951781e+02
1.142455980724928963e+02
1.142455980724928963e+02
1.144029866980566794e+02
1.144029866980566794e+02
1.144029866980566794e+02
1.144029866980566794e+02
1.147200375127537342e+02
1.147252242565377145e+02
1.149015610651470922e+02
1.149032456007573870e+02
1.152180582032491998e+02
1.152180582032491998e+02
1.152180582032491998e+02
1.152390629670018427e+02
1.154694371122081833e+02
1.155965128878485046e+02
1.156345289103115306e+02
1.158132703138739146e+02
1.158132703138739146e+02
1.160725825996319571e+02
1.160764427211075542e+02
1.162170171931647360e+02
1.162996924282502391e+02
1.164397584570915711e+02
1.166292384789282295e+02
1.166292384789282295e+02
1.166292384789282295e+02
1.166292384789282295e+02
1.166292384789282295e+02
1.166292384789282295e+02
1.168601366075424011e+02
1.168901816900826702e+02
1.170015646263419882e+02
1.170015646263419882e+02
1.170015646263419882e+02
1.170015646263419882e+02
1.171414380476082755e+02
1.171414380476082755e+02
1.174329606502116405e+02
1.175692830671295184e+02
1.175692830671295184e+02
1.175692830671295184e+02
1.176595527786052315e+02
1.178129458780701384e+02
1.178129458780701384e+02
1.179600820357840121e+02
1.179600820357840121e+02
1.181749652543465459e+02
1.181749652543465459e+02
1.183410609020555455e+02
1.183410609020555455e+02
1.186071556467861114e+02
1.187785611876364413e+02
1.187785611876364413e+02
1.187785611876364413e+02
1.188438266685285924e+02
1.189593652737981984e+02
1.189593652737981984e+02
1.190774288733638997e+02
1.193202521236559477e+02
1.194365869872679298e+02
1.194365869872679298e+02
1.195910060486417876e+02
1.195910060486417876e+02
1.198730131729126640e+02
1.198730131729126640e+02
1.198730131729126640e+02
1.198730131729126640e+02
1.198730131729126640e+02
1.198730131729126640e+02
1.198730131729126640e+02
1.198730131729126640e+02
1.201574565469439335e+02
1.202895592564393326e+02
1.202895592564393326e+02
1.203968694080660526e+02
1.203968694080660526e+02
1.203968694080660526e+02
1.203968694080660526e+02
1.203968694080660526e+02
1.203968694080660526e+02
1.203968694080660526e+02
1.206743169113513972e+02
1.206743169113513972e+02
1.206743169113513972e+02
1.206743169113513972e+02
1.206743169113513972e+02
1.207355022934783619e+02
1.208983824418211555e+02
1.208983824418211555e+02
1.210640705714489940e+02
1.212503204825940486e+02
1.214815197348584235e+02
1.214815197348584235e+02
1.214815197348584235e+02
1.215494476616737813e+02
1.215494476616737813e+02
1.215494476616737813e+02
1.215494476616737813e+02
1.215494476616737813e+02
1.215494476616737813e+02
1.217117653661860146e+02
1.217117653661860146e+02
1.217419495378154153e+02
1.220024443985794704e+02
1.220024443985794704e+02
1.225601332361223967e+02
1.225601332361223967e+02
1.226381054218354905e+02
1.228022056326682190e+02
1.228022056326682190e+02
1.230577450184710813e+02
1.231367157053509800e+02
1.231367157053509800e+02
1.231452359894337576e+02
1.236106449572915977e+02
1.236106449572915977e+02
1.236106449572915977e+02
1.236106449572915977e+02
1.236106449572915977e+02
1.236106449572915977e+02
1.237348334361330728e+02
1.237348334361330728e+02
1.240446685437635352e+02
1.240834848765144613e+02
1.242527348922957344e+02
1.242527348922957344e+02
1.244541887896956638e+02
1.244796068928066717e+02
1.247895304200910402e+02
1.248890226240076089e+02
1.248890226240076089e+02
1.250034307383979097e+02
1.253440289079952663e+02
1.253440289079952663e+02
1.253440289079952663e+02
1.254076676129986225e+02
1.254076676129986225e+02
1.254416393864087667e+02
1.255778965172866464e+02
1.255778965172866464e+02
1.258360661209912763e+02
1.260551769586167268e+02
1.260551769586167268e+02
1.260934870463323847e+02
1.261636212130484296e+02
1.261636212130484296e+02
1.263422696084728472e+02
1.263422696084728472e+02
1.263422696084728472e+02
1.263654562558884038e+02
1.263654562558884038e+02
1.264615600681850083e+02
1.264677995696033008e+02
1.264677995696033008e+02
1.267043743612444189e+02
1.267652785216374269e+02
1.267963325824735534e+02
1.267963325824735534e+02
1.267963325824735534e+02
1.267963325824735534e+02
1.270766831664461449e+02
1.270766831664461449e+02
1.272789339193208207e+02
1.272789339193208207e+02
1.275003066630086579e+02
1.275003066630086579e+02
1.275016075574444017e+02
1.275148601388349761e+02
1.277859720119376163e+02
1.277859720119376163e+02
1.280274790335522539e+02
1.280274790335522539e+02
1.281535508799373986e+02
1.282009981488610890e+02
1.282066917552210725e+02
1.283269125027260031e+02
1.285554492956389652e+02
1.287107792146115912e+02
1.287107792146115912e+02
1.287107792146115912e+02
1.287642624557891509e+02
1.288669604582429145e+02
1.290138518526512428e+02
1.291781404093217986e+02
1.292765029630203344e+02
1.293251502847325298e+02
1.294001776779510635e+02
1.294025703294798006e+02
1.294025703294798006e+02
1.294025703294798006e+02
1.295004662613463040e+02
1.295879180745570807e+02
1.297077174786504372e+02
1.298848266574779018e+02
1.299854691041209094e+02
1.299854691041209094e+02
1.299854691041209094e+02
1.301887477447588992e+02
1.302284155537583956e+02
1.304122428620366634e+02
1.304122428620366634e+02
1.304122428620366634e+02
1.304122428620366634e+02
1.305146413699469292e+02
1.306367169548349807e+02
1.306367169548349807e+02
1.309802077885866254e+02
1.312824183413259789e+02
1.314035156803657003e+02
1.314035156803657003e+02
1.316460756637972054e+02
1.316937453784377681e+02
1.316937453784377681e+02
1.316937959437779568e+02
1.319147679704854852e+02
1.319147679704854852e+02
1.319147679704854852e+02
1.319417019227910259e+02
1.321981415793267161e+02
1.324816736866604572e+02
1.327370333950931638e+02
1.329823986281006682e+02
1.329823986281006682e+02
1.330076231184536368e+02
1.331250116267051169e+02
1.333305403411033865e+02
1.333305403411033865e+02
1.333305403411033865e+02
1.333305403411033865e+02
1.335204952068091870e+02
1.335204952068091870e+02
1.335204952068091870e+02
1.335204952068091870e+02
1.335204952068091870e+02
1.335204952068091870e+02
1.335760712796465555e+02
1.338899596724537844e+02
1.342280679821130320e+02
1.342280679821130320e+02
1.342280679821130320e+02
1.343899585167043824e+02
1.343899585167043824e+02
1.343975353606627152e+02
1.347015920923576004e+02
1.348863674782230078e+02
1.349373327948420922e+02
1.350402684145237231e+02
1.350959936104194981e+02
1.350959936104194981e+02
1.351737142715066682e+02
1.352158650285828685e+02
1.352489637102585505e+02
1.352489637102585505e+02
1.352874208535619687e+02
1.352971079276824469e+02
1.352971079276824469e+02
1.354640212978468696e+02
1.358567775337790238e+02
1.358567775337790238e+02
1.358567775337790238e+02
1.358567775337790238e+02
1.358889379580224386e+02
1.358889379580224386e+02
1.358889379580224386e+02
1.361369798485550575e+02
1.365547265906552070e+02
1.367493232189117975e+02
1.367493232189117975e+02
1.369049964066934422e+02
1.372087381229802361e+02
1.373814779593478193e+02
1.373814779593478193e+02
1.373931101418635023e+02
1.376125790584139565e+02
1.376125790584139565e+02
1.377838967231472509e+02
1.378077096257844687e+02
1.378077096257844687e+02
1.378374043706234886e+02
1.378374043706234886e+02
1.380031199753362330e+02
1.380031199753362330e+02
1.381905320755764990e+02
1.381905320755764990e+02
1.384119079952180300e+02
1.384119079952180300e+02
1.385806731744312401e+02
1.385806731744312401e+02
1.385806731744312401e+02
1.385806731744312401e+02
1.387389925815754168e+02
1.387838833758200394e+02
1.388334430693593617e+02
1.388334430693593617e+02
1.388491264108612597e+02
1.389937936874170532e+02
1.389937936874170532e+02
1.389937936874170532e+02
1.389937936874170532e+02
1.389937936874170532e+02
1.390114245859662958e+02
1.390575052976046493e+02
1.392555972801121982e+02
1.392555972801121982e+02
1.392555972801121982e+02
1.393006140309270506e+02
1.395362459519885476e+02
1.397451065653932858e+02
1.397451065653932858e+02
1.397451065653932858e+02
1.397451065653932858e+02
1.397451065653932858e+02
1.397451065653932858e+02
1.397451065653932858e+02
1.399414506869552497e+02
1.399922977449671748e+02
1.399922977449671748e+02
1.399922977449671748e+02
1.400705663746209950e+02
1.402341712132243003e+02
1.402341712132243003e+02
1.403558179226587583e+02
1.406384747907131612e+02
1.406384747907131612e+02
1.407973722885964207e+02
1.407973722885964207e+02
1.408116720845514749e+02
1.409756898211532246e+02
1.411032367437677237e+02
1.411032367437677237e+02
1.411032367437677237e+02
1.411370698606757230e+02
1.411370698606757230e+02
1.413132638270703012e+02
1.413508963501368783e+02
1.416046964974808589e+02
1.416046964974808589e+02
1.416497692623678404e+02
1.416497692623678404e+02
1.416497692623678404e+02
1.416497692623678404e+02
1.416497692623678404e+02
1.416497692623678404e+02
1.417447661198907554e+02
1.419639677549751582e+02
1.419639677549751582e+02
1.424822222654206598e+02
1.424822222654206598e+02
1.426448917732522546e+02
1.426448917732522546e+02
1.427779087804892129e+02
1.430680959067856577e+02
1.432775921558553023e+02
1.432775921558553023e+02
1.435896508123766466e+02
1.437296154866816664e+02
1.437296154866816664e+02
1.437296154866816664e+02
1.437296154866816664e+02
1.437296154866816664e+02
1.440115784125694063e+02
1.440566462003220352e+02
1.442536321993075887e+02
1.442710254441899451e+02
1.444147999418843256e+02
1.444147999418843256e+02
1.445475583181250556e+02
1.447438885423814554e+02
1.448759185586633578e+02
1.448759185586633578e+02
1.450152199274841962e+02
1.450152199274841962e+02
1.451317861397623403e+02
1.451317861397623403e+02
1.451642821182034027e+02
1.451642821182034027e+02
1.451642821182034027e+02
1.451642821182034027e+02
1.452377403941142688e+02
1.452377403941142688e+02
1.453997524786680344e+02
1.453997524786680344e+02
1.453997524786680344e+02
1.455127314412019075e+02
1.455954973927981086e+02
1.455954973927981086e+02
1.458185434729797407e+02
1.459360272160193688e+02
1.459360272160193688e+02
1.459360272160193688e+02
1.460068858460897161e+02
1.460068858460897161e+02
1.461797178399612278e+02
1.461797178399612278e+02
1.461797178399612278e+02
1.461797178399612278e+02
1.461797178399612278e+02
1.461797178399612278e+02
1.461797178399612278e+02
1.462248257674645515e+02
1.462248257674645515e+02
1.462826581358294789e+02
1.463808048877876615e+02
1.464444004277508782e+02
1.464444004277508782e+02
1.465855355004076728e+02
1.465855355004076728e+02
1.467035481172411551e+02
1.467035481172411551e+02
1.467243229491655541e+02
1.467621690523721441e+02
1.467978271449774752e+02
1.467978271449774752e+02
1.468203558186484088e+02
1.469858630672850950e+02
1.470340076333817763e+02
1.470340076333817763e+02
1.471358869876895881e+02
1.471358869876895881e+02
1.471506024427318380e+02
1.473164503832453249e+02
1.474962001211892471e+02
1.475949353664288139e+02
1.476867605900820877e+02
1.476867605900820877e+02
1.476928387353261769e+02
1.476928387353261769e+02
1.476928387353261769e+02
1.476928387353261769e+02
1.479727029511741137e+02
1.481572917634441922e+02
1.481572917634441922e+02
1.481572917634441922e+02
1.485395314482950369e+02
1.485395314482950369e+02
1.485395314482950369e+02
1.485553634575966555e+02
1.485553634575966555e+02
1.485553634575966555e+02
1.486447877650216753e+02
1.486447877650216753e+02
1.486447877650216753e+02
1.486548328618421522e+02
1.486619471136671677e+02
1.486619471136671677e+02
1.489908275317222888e+02
1.491677442924146249e+02
1.491677442924146249e+02
1.491963360177327331e+02
1.494083935550204387e+02
1.495273414048655241e+02
1.497989398786933748e+02
1.499857222134399706e+02
1.499857222134399706e+02
1.503218552497645533e+02
1.503218552497645533e+02
1.503911997059068710e+02
1.505754781805843550e+02
1.505837247447183529e+02
1.505837247447183529e+02
1.505837247447183529e+02
1.508415114854960848e+02
1.509759932570506464e+02
1.510605396270746610e+02
1.510605396270746610e+02
1.510605396270746610e+02
1.512099658821067862e+02
