1.727087537740508161e-01
5.418837691223303832e-01
1.019139092719538731e+00
1.153850219224383133e+00
1.561050523170937288e+00
1.561050523170937288e+00
1.841433138646617174e+00
2.161120867211486551e+00
2.869155562167342133e+00
3.649192135957309180e+00
4.078491437861716307e+00
4.716532786353251794e+00
5.000964874419818074e+00
5.511470635574497123e+00
6.066286289897327322e+00
6.066286289897327322e+00
6.169928838598371712e+00
6.586922562913454904e+00
6.783271848978497331e+00
7.166556149546450705e+00
7.648028598752270035e+00
8.021385372337945796e+00
8.502656809254792947e+00
9.174615913152424085e+00
9.730709045002196689e+00
9.730709045002196689e+00
9.730709045002196689e+00
1.013031766340770190e+01
1.039425951911124102e+01
1.079555077109680994e+01
1.111745035939835979e+01
1.124994199167188746e+01
1.195177872027523591e+01
1.229257710761016753e+01
1.301741857049075080e+01
1.357219828419999175e+01
1.378549094201139091e+01
1.420389001755463276e+01
1.420389001755463276e+01
1.450980882455714749e+01
1.450980882455714749e+01
1.450980882455714749e+01
1.450980882455714749e+01
1.518279270152799576e+01
1.537923484875741487e+01
1.583184821989469704e+01
1.636975512637015129e+01
1.636975512637015129e+01
1.686004867636786386e+01
1.735531504717891949e+01
1.756546164610446681e+01
1.815083883154033373e+01
1.862150763808411469e+01
1.887691523492427947e+01
1.897246383412563375e+01
1.936493579348074690e+01
1.973420543981231390e+01
2.026425387299184067e+01
2.099176024228988879e+01
2.127071752942248395e+01
2.171069135582521881e+01
2.231083840548524577e+01
2.283859852863536233e+01
2.326651608519703629e+01
2.389468705610977750e+01
2.391806993730330433e+01
2.451782054517688891e+01
2.476984807641888509e+01
2.492086741260713723e+01
2.516065363735345173e+01
2.575308360940585573e+01
2.610354656157609199e+01
2.648643490884433049e+01
2.733373013412760244e+01
2.736666627926285145e+01
2.798022591919303892e+01
2.853675690937283349e+01
2.886156542633991151e+01
2.934376499887626366e+01
2.967040924557353065e+01
3.055090121441022433e+01
3.057461922038604030e+01
3.057461922038604030e+01
3.076050794668797295e+01
3.129354633973374078e+01
3.188245236071426092e+01
3.235884669066454933e+01
3.252896843473636324e+01
3.268475787816861811e+01
3.318811094379049820e+01
3.374082912925237565e+01
3.385009911502167768e+01
3.411194587370260933e+01
3.437504633120490638e+01
3.480766400901237745e+01
3.510968123813161412e+01
3.540710352873594502e+01
3.589883159977962634e+01
3.627444466204175200e+01
3.654469012876451472e+01
3.695868255270973890e+01
3.753217342458845707e+01
3.812964340837134358e+01
3.855654478651810280e+01
3.892149107419658094e+01
3.960550210682005456e+01
4.003729671528521550e+01
4.040245623013526455e+01
4.065566568713273199e+01
4.065566568713273199e+01
4.100720695987001818e+01
4.115297028539607993e+01
4.115297028539607993e+01
4.121318998218213636e+01
4.166546833646498982e+01
4.252421170765911995e+01
4.315126841864469043e+01
4.376925598249139426e+01
4.456352364156254708e+01
4.509335283515689241e+01
4.575133225642275647e+01
4.629743289309534759e+01
4.691603468798858501e+01
4.726970881758646925e+01
4.726970881758646925e+01
4.726970881758646925e+01
4.760904356162797768e+01
4.829635988473979324e+01
4.834936068681534493e+01
4.834936068681534493e+01
4.834936068681534493e+01
4.905595269184946972e+01
4.939011651628664623e+01
4.971814692478389475e+01
4.989266479719493219e+01
5.009383436747516072e+01
5.107888352645422714e+01
5.160482389606610809e+01
5.220593183941078053e+01
5.289300881266341037e+01
5.360460811586379748e+01
5.405506922050674490e+01
5.405981778122161074e+01
5.429350032442760465e+01
5.431597364136866446e+01
5.495042175540952911e+01
5.562028601992615506e+01
5.600616906387899974e+01
5.600616906387899974e+01
5.638220376416416002e+01
5.693984416385730896e+01
5.738055799691773018e+01
5.772418816389875218e+01
5.792736441555550186e+01
5.842170417311082531e+01
5.852669954745588399e+01
5.908287332729415908e+01
5.949224965544825494e+01
6.036371727451297176e+01
6.036371727451297176e+01
6.039085029931745652e+01
6.067112926736533751e+01
6.118777397859080480e+01
6.118777397859080480e+01
6.154354932397075828e+01
6.202994033896065673e+01
6.219046639828457756e+01
6.229447642781339312e+01
6.229447642781339312e+01
6.288094523596107166e+01
6.333505148867678258e+01
6.364372567531821545e+01
6.374661510329941194e+01
6.442380021552341418e+01
6.446879577629101732e+01
6.509854960570054061e+01
6.589099877634541258e+01
6.611179309148455729e+01
6.631483330447335334e+01
6.674850880660932262e+01
6.689178385077717337e+01
6.714711986894141660e+01
6.759757268493532933e+01
6.759757268493532933e+01
6.772078441963124362e+01
6.820897245115362750e+01
6.856801127393653417e+01
6.929041419905885846e+01
6.990897870426687177e+01
7.032187139040573243e+01
7.065010247650789665e+01
7.089834031318675045e+01
7.161100669854283751e+01
7.230222232815384587e+01
7.290741174949882009e+01
7.290741174949882009e+01
7.312196525674117709e+01
7.350441503927540055e+01
7.440798316669960855e+01
7.485046471632651333e+01
7.517310295337173898e+01
7.536408794069252792e+01
7.551277647958228556e+01
7.611155337282458788e+01
7.635571463826367733e+01
7.635571463826367733e+01
7.649221024185260376e+01
7.649221024185260376e+01
7.686790763798333614e+01
7.761295217736378049e+01
7.809795231343620969e+01
7.832366460370980121e+01
7.855485518679050472e+01
7.919757066851950356e+01
7.974818731588842979e+01
7.998670493535664150e+01
7.998670493535664150e+01
8.075052295782562339e+01
8.093402824712235599e+01
8.093402824712235599e+01
8.126422558463885082e+01
8.184157687347207855e+01
8.204138504476381399e+01
8.231858793717168510e+01
8.242367033193401937e+01
8.281219814565037041e+01
8.350535571200325080e+01
8.363768805080303537e+01
8.364710283214098752e+01
8.428458636999124565e+01
8.457729744370166713e+01
8.488539305225705789e+01
8.513877441592542539e+01
8.566460378815609999e+01
8.566460378815609999e+01
8.594693789132638528e+01
8.628541213641871366e+01
8.665481385646289425e+01
8.685443551165589327e+01
8.749984025797789400e+01
8.779342537687213621e+01
8.852312184863953348e+01
8.852312184863953348e+01
8.888758898583576240e+01
8.936472862128819372e+01
8.982739993605980544e+01
9.003823928487729233e+01
9.044758622758428146e+01
9.058799423326162525e+01
9.058799423326162525e+01
9.090009225689001937e+01
9.121445796202742429e+01
9.176694992569579767e+01
9.176694992569579767e+01
9.214152943788478467e+01
9.214152943788478467e+01
9.221674550565739992e+01
9.260050443230740314e+01
9.310274374145083698e+01
9.337093194932678841e+01
9.343707913458565884e+01
9.388526006137564650e+01
9.429713714913359013e+01
9.429713714913359013e+01
9.468020617001074868e+01
9.513848916373100906e+01
9.545043111626314669e+01
9.594101340048716509e+01
9.612806944051718006e+01
9.658248964444312890e+01
9.698964747438110123e+01
9.750215477096867289e+01
9.800931893347556922e+01
9.867743099336655632e+01
9.915817636784422007e+01
9.943453078054011485e+01
9.967189766315175348e+01
1.000460330842370240e+02
1.005494190131364434e+02
1.007337428744234273e+02
1.010914074229883539e+02
1.014475428012106448e+02
1.020425472540442513e+02
1.024724357935846086e+02
1.030232627558339971e+02
1.034296890248852350e+02
1.035963401319983035e+02
1.039694292175406503e+02
1.043995160268594162e+02
1.046952117379342155e+02
1.049940866020821773e+02
1.049940866020821773e+02
1.053367481867007882e+02
1.053367481867007882e+02
1.054021711568320256e+02
1.057361226726577002e+02
1.060349167878716088e+02
1.065715634811778614e+02
1.065715634811778614e+02
1.066905931736351221e+02
1.067953044682933950e+02
1.072225901995941371e+02
1.076348030006233927e+02
1.081870424685041741e+02
1.081870424685041741e+02
1.082157102171895673e+02
1.082157102171895673e+02
1.085154109424648539e+02
1.089365317858108000e+02
1.093721536211662624e+02
1.097209848283479090e+02
1.098026279819850686e+02
1.098026279819850686e+02
1.098159430219428572e+02
1.104010296553352788e+02
1.108532297106594768e+02
1.111532210574567898e+02
1.111532210574567898e+02
1.112532918265041815e+02
1.113537997782644879e+02
1.118390661371402075e+02
1.118843698863489067e+02
1.121726357196252337e+02
1.129640818988120401e+02
1.131425086648286680e+02
1.136952988136019513e+02
1.138056710608362323e+02
1.140326357112644473e+02
1.149609614666911312e+02
1.149609614666911312e+02
1.152540938075708965e+02
1.152540938075708965e+02
1.152540938075708965e+02
1.156505915684427919e+02
1.158563524198768846e+02
1.161098767321522161e+02
1.166577209268098159e+02
1.169968285243551378e+02
1.173771233461822447e+02
1.175597582688238987e+02
1.180567163540377749e+02
1.183586822878707920e+02
1.188216389000156852e+02
1.193231776305929088e+02
1.195605980605692764e+02
1.195992761613191107e+02
1.201281034718666518e+02
1.205881996547967816e+02
1.206841068791804190e+02
1.209842407894701921e+02
1.214140565698622964e+02
1.217927685296376978e+02
1.224519083033691800e+02
1.227053240426517675e+02
1.229660885011123952e+02
1.234424972940575600e+02
1.239385569074708258e+02
1.246930331413510800e+02
1.246930331413510800e+02
1.253692769897585038e+02
1.258447332208223486e+02
1.265978239483570746e+02
1.269625063930614601e+02
1.271897717298763553e+02
1.275746800027603314e+02
1.282959872106902139e+02
1.285573268893123213e+02
1.288938470657350592e+02
1.293649387404454956e+02
1.295210594331421987e+02
1.297379101684972795e+02
1.300683491011699289e+02
1.306631568620367432e+02
1.311993373009473771e+02
1.314977860057901751e+02
1.321883091941043631e+02
1.323004476581642450e+02
1.325299734085697025e+02
1.325299734085697025e+02
1.330322873765651366e+02
1.332933303911254370e+02
1.332933303911254370e+02
1.332933303911254370e+02
1.336712995125730288e+02
1.338677759274335699e+02
1.341841163020269221e+02
1.347009613746272407e+02
1.347009613746272407e+02
1.348689750963757774e+02
1.352813356514166969e+02
1.357341289692119801e+02
1.364077363625032149e+02
1.364077363625032149e+02
1.367053624971521515e+02
1.373171612558110155e+02
1.377611346062754478e+02
1.383675986401504190e+02
1.383675986401504190e+02
1.386328459427452060e+02
1.387649728038604451e+02
1.391014810886564987e+02
1.396669745606794208e+02
1.398034148720268490e+02
1.400280408445104570e+02
1.400280408445104570e+02
1.406136709761528039e+02
1.411785258956343512e+02
1.414543707262114935e+02
1.418494990032778560e+02
1.421007909607344004e+02
1.423541685651024409e+02
1.424448602740233127e+02
1.424448602740233127e+02
1.424448602740233127e+02
1.428663111732449806e+02
1.429315912532741493e+02
1.432802146093322335e+02
1.439894553177009584e+02
1.443867052832883644e+02
1.445635708838154869e+02
1.445965523861294741e+02
1.449221608362402662e+02
1.449221608362402662e+02
1.451747986248754501e+02
1.451747986248754501e+02
1.455534471769383629e+02
1.458526849106900158e+02
1.459637079626443779e+02
1.461306634525111292e+02
1.463683819249607723e+02
1.463683819249607723e+02
1.465779614125464150e+02
1.466416140485318351e+02
1.466416140485318351e+02
1.467142024075804159e+02
1.469597532745573858e+02
1.469597532745573858e+02
1.474593550570786249e+02
1.477579321310248872e+02
1.477579321310248872e+02
1.478470326657689498e+02
1.480360517969369027e+02
1.483202036245982072e+02
1.483202036245982072e+02
1.484256129223495293e+02
1.491757714784378663e+02
1.492374604354249357e+02
1.497428794740392846e+02
1.502799984203371082e+02
1.507933814247627140e+02
1.510343579674745058e+02
1.513400973964543255e+02
1.513400973964543255e+02
1.514496711533996063e+02
1.518175746278680549e+02
1.523058063468176897e+02
1.525212894778089208e+02
1.529882251267440552e+02
1.533522130834559221e+02
1.533522130834559221e+02
1.533522130834559221e+02
1.535922057835991268e+02
1.535922057835991268e+02
1.540999789551377432e+02
1.547276714656601371e+02
1.550136568909223058e+02
1.553912787527085300e+02
1.556151175280411678e+02
1.562356177527119598e+02
1.565960598492383156e+02
1.565960598492383156e+02
1.570000801870498321e+02
1.573176105965405611e+02
1.577072345124088599e+02
1.578870643037486161e+02
1.580159089274777386e+02
1.585768146582680913e+02
1.590085082627612962e+02
1.590085082627612962e+02
1.590768100659814479e+02
1.594898509086125387e+02
1.597849521578015697e+02
1.597849521578015697e+02
1.598858415908161703e+02
1.598858415908161703e+02
1.600526065662138819e+02
1.600526065662138819e+02
1.600640238758290366e+02
1.600640238758290366e+02
1.604048029913388689e+02
1.605747786105181092e+02
1.613168277511161364e+02
1.613168277511161364e+02
1.614951133066445550e+02
1.619304787893334492e+02
1.619304787893334492e+02
1.623139201147413075e+02
1.626388255121269708e+02
1.626834482772267165e+02
1.630249389699291385e+02
1.630249389699291385e+02
1.630249389699291385e+02
1.630914027758840064e+02
1.631497203618831691e+02
1.633048025528754010e+02
1.634862276564344086e+02
1.635389724562687377e+02
1.638993662172082963e+02
1.639249309291980694e+02
1.639249309291980694e+02
1.639249309291980694e+02
1.639249309291980694e+02
1.642203524508835812e+02
1.645241188623296864e+02
1.646411997890904786e+02
1.646411997890904786e+02
1.648120089988846075e+02
1.648120089988846075e+02
1.652296003256711288e+02
1.652296003256711288e+02
1.655715720080795279e+02
1.655715720080795279e+02
1.655715720080795279e+02
1.655715720080795279e+02
1.655715720080795279e+02
1.658757153531808228e+02
1.658757153531808228e+02
1.661690631285858331e+02
1.661690631285858331e+02
1.661690631285858331e+02
1.663334933961762943e+02
1.664071212398785917e+02
1.665744464977117900e+02
1.669815627649487624e+02
1.670804882382442429e+02
1.671603834303571432e+02
1.671603834303571432e+02
1.671603834303571432e+02
1.671894739532053507e+02
1.673818371411739179e+02
1.673818371411739179e+02
1.677904562801295754e+02
1.678849673294443789e+02
1.682474482652324355e+02
1.686741605571174318e+02
1.688835954513925515e+02
1.689905804448836477e+02
1.690430121770857568e+02
1.691420776989568253e+02
1.691420776989568253e+02
1.691420776989568253e+02
1.691420776989568253e+02
1.691420776989568253e+02
1.693853643325256826e+02
1.697256768683054418e+02
1.697256768683054418e+02
1.701834052283861922e+02
1.701834052283861922e+02
1.704565042950021621e+02
1.708745777843521694e+02
1.708745777843521694e+02
1.708745777843521694e+02
1.710607427417033364e+02
1.711774316902993860e+02
1.715304705542490638e+02
1.718008786318877696e+02
1.720315054057686837e+02
1.721103732414103149e+02
1.721103732414103149e+02
1.722611943590606245e+02
1.722611943590606245e+02
1.724747163692379672e+02
1.727627943960511345e+02
1.727627943960511345e+02
1.729202516835687788e+02
1.730693778017889031e+02
1.734207885793827586e+02
1.737561210766218096e+02
1.740688726241343716e+02
1.740688726241343716e+02
1.740970158090258337e+02
1.740970158090258337e+02
1.745067822253799363e+02
1.745067822253799363e+02
1.750052020404076529e+02
1.752230562810704271e+02
1.752230562810704271e+02
1.755561757200841839e+02
1.761705294604007577e+02
1.764707444187769738e+02
1.766571479415057411e+02
1.769407103572768278e+02
1.769690030385170303e+02
1.772716710717050717e+02
1.774451755162180007e+02
1.775333348679745313e+02
1.779519417153372274e+02
1.779519417153372274e+02
1.779519417153372274e+02
1.779519417153372274e+02
1.780785928372355329e+02
1.782900379294608513e+02
1.783419806732561028e+02
1.785435873450756787e+02
1.788196244626945202e+02
1.791415067184288148e+02
1.792270865134511268e+02
1.795017264848649461e+02
1.795017264848649461e+02
1.795017264848649461e+02
1.797830625782399352e+02
1.802693704722756252e+02
1.803200504227085048e+02
1.805929387467475635e+02
1.807758464881646887e+02
1.808202547987190485e+02
1.811349177907345336e+02
1.811349177907345336e+02
1.811349177907345336e+02
1.816492457759898684e+02
1.818116026511829659e+02
1.820442906045208531e+02
1.820442906045208531e+02
1.823899971814620358e+02
1.823899971814620358e+02
1.825184813113524740e+02
1.828750993446378743e+02
1.830310243350466806e+02
1.832749761817297269e+02
1.833932507068461746e+02
1.836601863165420525e+02
1.836601863165420525e+02
1.836601863165420525e+02
1.839669013002159943e+02
1.843619797706532495e+02
1.848642828532899500e+02
1.848642828532899500e+02
1.848642828532899500e+02
1.848642828532899500e+02
1.849275304016019845e+02
1.850216436902930184e+02
1.855190104622079446e+02
1.855190104622079446e+02
1.855190104622079446e+02
1.858454577238024967e+02
1.858454577238024967e+02
1.864726985684159786e+02
1.865797809639250602e+02
1.867934962687455993e+02
1.869589261917449221e+02
1.871328395033823710e+02
1.875127716640438962e+02
1.878576691740546210e+02
1.878576691740546210e+02
1.880411726045191187e+02
1.883229721355893389e+02
1.883229721355893389e+02
1.886708970378477943e+02
1.888144099965132625e+02
1.889135871550031140e+02
1.889135871550031140e+02
1.893968691382997918e+02
1.896919449534070168e+02
1.898522553067291199e+02
1.899370221877655069e+02
1.899370221877655069e+02
1.899370221877655069e+02
1.902814580816201158e+02
1.905737428179336348e+02
1.912178483428097309e+02
1.912178483428097309e+02
1.916181110620880759e+02
1.921717079035859683e+02
1.922724722035056857e+02
1.922849575010618537e+02
1.926800720997448764e+02
1.932543177890849790e+02
1.936132149949914947e+02
1.938616293054597008e+02
1.938616293054597008e+02
1.938616293054597008e+02
1.939657649873241212e+02
1.943052186838371540e+02
1.943052186838371540e+02
1.943052186838371540e+02
1.949024882979963138e+02
1.950599471140674837e+02
1.950599471140674837e+02
1.951612870035347385e+02
1.957006295488503156e+02
1.958885018641382771e+02
1.958885018641382771e+02
1.959667282320828008e+02
1.959667282320828008e+02
1.959667282320828008e+02
1.963857510651288010e+02
1.964345163158055811e+02
1.964816850960211525e+02
1.966490182845075765e+02
1.967856507089103388e+02
1.971142795627077646e+02
1.971142795627077646e+02
1.971142795627077646e+02
1.971178653912920993e+02
1.971178653912920993e+02
1.975911166128204854e+02
1.975911166128204854e+02
1.978491590309275523e+02
1.979832253903553010e+02
1.979832253903553010e+02
1.981112458377990038e+02
1.981112458377990038e+02
1.981217928054666118e+02
1.982882558512046387e+02
1.982882558512046387e+02
1.982882558512046387e+02
1.982882558512046387e+02
1.983638535676459469e+02
1.986804502493991151e+02
1.988759040719298810e+02
1.990520901870592354e+02
1.993341854604321668e+02
1.995504014093622516e+02
1.995504014093622516e+02
1.999121807888120941e+02
2.002145972280681860e+02
2.002145972280681860e+02
2.004869082801076274e+02
2.007660677191236118e+02
2.009743298658314643e+02
2.009743298658314643e+02
2.009743298658314643e+02
2.010306315510937623e+02
2.012359607578984537e+02
2.012533165711083711e+02
2.017265964909751972e+02
2.021624884164776290e+02
2.021624884164776290e+02
2.021624884164776290e+02
2.021624884164776290e+02
2.026676280495663605e+02
2.026676280495663605e+02
2.026676280495663605e+02
2.029089186179895705e+02
2.030855598981874266e+02
2.032893342538769446e+02
2.037330861584588604e+02
2.038697925704998113e+02
2.042524926708468058e+02
2.045780432703193696e+02
2.048126619858820447e+02
2.053351500378624905e+02
2.055296368943806726e+02
2.058635029370854568e+02
2.060028590980332694e+02
2.060028590980332694e+02
2.060028590980332694e+02
2.060364908565837538e+02
2.060364908565837538e+02
2.064720255035300625e+02
2.064720255035300625e+02
2.064720255035300625e+02
2.066985566716420237e+02
2.069922403289779709e+02
2.069922403289779709e+02
2.070610362028578777e+02
2.071166337960436863e+02
2.071618687330306443e+02
2.076959024856473945e+02
2.078104352210155525e+02
2.078104352210155525e+02
2.079499403794281989e+02
2.081808455300860032e+02
2.083119315556519950e+02
2.084465708654556693e+02
2.085409444666945546e+02
2.087057308762855143e+02
2.087057308762855143e+02
2.088218215746481121e+02
2.091506914213133257e+02
2.092156123683702162e+02
2.095036727134789487e+02
2.097600934709513183e+02
2.100108632293333812e+02
2.102442285490305096e+02
2.105734842527113528e+02
2.106229212576878922e+02
2.108360280856439317e+02
2.110579363233655954e+02
2.110579363233655954e+02
2.113625905345288913e+02
2.113625905345288913e+02
2.113678069485191315e+02
2.118425421221975000e+02
2.118577544455869486e+02
2.119610820309208066e+02
2.121237234922386392e+02
2.123853165899941757e+02
2.128000403683779780e+02
2.128000403683779780e+02
2.130669388369493049e+02
2.131582557144568568e+02
2.134629180396677839e+02
2.136905680605322573e+02
2.138063884630550717e+02
2.138063884630550717e+02
2.138638211217005392e+02
2.141178856515844302e+02
2.143188485411376689e+02
2.143188485411376689e+02
2.144042889614350145e+02
2.145442197383530072e+02
2.145442197383530072e+02
2.145916118748807833e+02
2.145916118748807833e+02
2.145979360082074550e+02
2.149941860416773238e+02
2.155796444529524365e+02
2.158860358068997130e+02
2.160952708635042256e+02
2.160952708635042256e+02
2.160952708635042256e+02
2.160952708635042256e+02
2.165751253576086697e+02
2.166602496519444969e+02
2.168097701303485678e+02
2.171434214690036129e+02
2.171434214690036129e+02
2.173544422017535283e+02
2.173973418800648290e+02
2.173973418800648290e+02
2.174110172024948042e+02
2.174110172024948042e+02
2.174110172024948042e+02
2.174658028311323221e+02
2.176433542092770494e+02
2.176433542092770494e+02
2.179322387410108774e+02
2.179322387410108774e+02
2.181887235514798817e+02
2.184159531742616025e+02
2.186699691890867427e+02
2.186699691890867427e+02
2.186699691890867427e+02
2.186699691890867427e+02
2.188652794970882383e+02
2.192254163398062872e+02
2.193344781602289117e+02
2.196683018607012343e+02
2.196683018607012343e+02
2.197634435417705561e+02
2.197634435417705561e+02
2.199695835898494920e+02
2.199695835898494920e+02
2.199695835898494920e+02
2.200662777982765874e+02
2.200662777982765874e+02
2.204659363789322413e+02
2.206634450191150449e+02
2.207951112070608417e+02
2.210499175354130443e+02
2.213122125245905067e+02
2.214467403814199713e+02
2.214931318422731010e+02
2.214931318422731010e+02
2.217756166245934537e+02
2.217756166245934537e+02
2.220231984669927670e+02
2.220889290593288194e+02
2.222464225484532392e+02
2.222464225484532392e+02
2.223610218818461135e+02
2.225313576689500223e+02
2.227152364982747770e+02
2.228566026702197007e+02
2.229737020732216024e+02
2.229737020732216024e+02
2.231403225585378607e+02
2.231403225585378607e+02
2.231403225585378607e+02
2.231403225585378607e+02
2.237250062632134302e+02
2.237250062632134302e+02
2.238641355159375053e+02
2.240522856423028770e+02
2.242086818737370209e+02
2.244368761978703048e+02
2.244368761978703048e+02
2.246260637289561828e+02
2.250049089174166568e+02
2.250703822548346125e+02
2.253537179774295112e+02
2.256751016035611599e+02
2.257083881065172193e+02
2.257886433575612841e+02
2.258156995648611769e+02
2.258156995648611769e+02
2.260575573351515288e+02
2.265824315502837578e+02
2.266082744829219564e+02
2.266925457679528790e+02
2.267316687256470402e+02
2.267973919893206300e+02
2.272629783632220608e+02
2.276868967373392820e+02
2.277654512899721908e+02
2.277654512899721908e+02
2.278103895816144018e+02
2.281816236014974493e+02
2.281816236014974493e+02
2.284523450636927748e+02
2.289433350899158199e+02
2.291787722124851996e+02
2.295176057329245793e+02
2.295176057329245793e+02
2.298411018114782962e+02
2.303779070041080388e+02
2.303779070041080388e+02
2.303779070041080388e+02
2.304840654433264149e+02
2.306112706027253125e+02
2.307862283848136542e+02
2.307862283848136542e+02
2.308633983982856819e+02
2.308712874674987745e+02
2.309029477798779908e+02
2.311905621476852559e+02
2.312197321747011927e+02
2.313619021787158658e+02
2.317096817354164955e+02
2.317820525204131172e+02
2.317820525204131172e+02
2.317987181335075206e+02
2.319168498895416519e+02
2.319168498895416519e+02
2.319168498895416519e+02
2.319168498895416519e+02
2.319168498895416519e+02
2.322629113400666085e+02
2.322629113400666085e+02
2.322629113400666085e+02
2.322629113400666085e+02
2.322763571898063617e+02
2.324052275250611785e+02
2.326292576006364641e+02
2.330043982686366917e+02
2.330847080366293085e+02
2.330847080366293085e+02
2.330847080366293085e+02
2.330847080366293085e+02
2.330847080366293085e+02
2.331385909703515722e+02
2.332162860216018032e+02
2.332303793064172055e+02
2.332303793064172055e+02
2.332303793064172055e+02
2.333747220369515389e+02
2.333747220369515389e+02
2.333747220369515389e+02
2.333747220369515389e+02
2.335044961299344948e+02
2.335044961299344948e+02
2.335044961299344948e+02
2.336558316383766964e+02
2.336558316383766964e+02
2.336558316383766964e+02
2.337060878327431510e+02
2.337060878327431510e+02
2.338746519506196648e+02
2.339444238032917838e+02
2.339962879904642534e+02
2.341181266736216458e+02
2.344656454543533073e+02
2.344656454543533073e+02
2.344656454543533073e+02
2.344656454543533073e+02
2.344656454543533073e+02
2.344816137591506902e+02
2.344816137591506902e+02
2.345279137943249452e+02
2.346134784222745679e+02
2.346134784222745679e+02
2.346134784222745679e+02
2.346134784222745679e+02
2.346170978712777639e+02
2.347119070805423462e+02
2.347119070805423462e+02
2.347119070805423462e+02
2.347119070805423462e+02
2.347119070805423462e+02
2.347119070805423462e+02
2.347119070805423462e+02
2.349720088040460269e+02
2.352844243154466426e+02
2.352844243154466426e+02
2.353465432946112799e+02
2.353465432946112799e+02
2.353465432946112799e+02
2.356425007130050915e+02
2.356425007130050915e+02
