6.889801733824360008e-01
9.007544412585807292e-01
9.036693103818630446e-01
1.180077328284351967e+00
1.859021077142646305e+00
2.231739157876547974e+00
2.877916386538788451e+00
3.606059761995735968e+00
3.854690968325210410e+00
4.073214830360106120e+00
4.556288708870106952e+00
4.810019685817071178e+00
4.838174624958970327e+00
5.121709945646511386e+00
5.475900744239255324e+00
5.689405037524012165e+00
6.271827617313325831e+00
6.445480388638888947e+00
6.459177485045914935e+00
6.855713963776430830e+00
7.127683734007653982e+00
7.479607449819646980e+00
7.989305041397705587e+00
8.277354272182739336e+00
8.628418955502890952e+00
9.203659560521831651e+00
9.781353242779122326e+00
1.045050743381416325e+01
1.045050743381416325e+01
1.090172235902624820e+01
1.121848676563054248e+01
1.206473675457697858e+01
1.236838953148547660e+01
1.315073111227387770e+01
1.328633509007424607e+01
1.365576266022391039e+01
1.422479197376269866e+01
1.465369099872200920e+01
1.479780114595349438e+01
1.521953665935028432e+01
1.560668274533657929e+01
1.644575429812653411e+01
1.658411599879502774e+01
1.672473074404351223e+01
1.672473074404351223e+01
1.751315781802484395e+01
1.783521962723996879e+01
1.824870842863676046e+01
1.851965715017741232e+01
1.910998296313566058e+01
1.938603179332584148e+01
1.951780638825486136e+01
1.978668917407612327e+01
2.077519387496339931e+01
2.111411166370006498e+01
2.186511973723585811e+01
2.211343585791431465e+01
2.246933760917545442e+01
2.277386235981228069e+01
2.317287141421549279e+01
2.317287141421549279e+01
2.347988710935457490e+01
2.393518366350699011e+01
2.393518366350699011e+01
2.393518366350699011e+01
2.438563427059725441e+01
2.477037365030614779e+01
2.512589737713261684e+01
2.567656682791723100e+01
2.573011521276104219e+01
2.573011521276104219e+01
2.601479514634478463e+01
2.660837131774571063e+01
2.685415798122186715e+01
2.722729377281483210e+01
2.755672558675232864e+01
2.789232231435165588e+01
2.856737105724731762e+01
2.913912459557463919e+01
2.945628972279357782e+01
2.945628972279357782e+01
3.010270582331351363e+01
3.035077642718854563e+01
3.064109423014276246e+01
3.064109423014276246e+01
3.106045816136596471e+01
3.132881234104247170e+01
3.166922991030166301e+01
3.166922991030166301e+01
3.189811928308968092e+01
3.274707475013516245e+01
3.334054535357851279e+01
3.389521867307365000e+01
3.449675316036221062e+01
3.472187784517034004e+01
3.525057188594367830e+01
3.571630484986344811e+01
3.571630484986344811e+01
3.595273627175326681e+01
3.639672330857279547e+01
3.679186018649242840e+01
3.748818658545295790e+01
3.790246074995908998e+01
3.831273493353693027e+01
3.871672272013420013e+01
3.918668773425132201e+01
4.012562010526902156e+01
4.071971579750492509e+01
4.102211663512992601e+01
4.174365188260151172e+01
4.241817903317105021e+01
4.278998943991108916e+01
4.278998943991108916e+01
4.368896124735160669e+01
4.417281280320547410e+01
4.441679911476514775e+01
4.497229382464679048e+01
4.516270477039714848e+01
4.605818382501162489e+01
4.653326802822721930e+01
4.661285968130714963e+01
4.709608032390996613e+01
4.766147697909055125e+01
4.811068366188327161e+01
4.858587945984262291e+01
4.897442036095294071e+01
4.897442036095294071e+01
4.916054238578946922e+01
4.960753166671981518e+01
5.015349700582621040e+01
5.068893446739508590e+01
5.135608936928552026e+01
5.199053880919237258e+01
5.265534546058677989e+01
5.283781696424061636e+01
5.328064102607280716e+01
5.328064102607280716e+01
5.398184149789910435e+01
5.418258929707753424e+01
5.464868272556530826e+01
5.519442851443327669e+01
5.560555015447616967e+01
5.618089169435757668e+01
5.656544656578864050e+01
5.670799193915116376e+01
5.670799193915116376e+01
5.754451211418702172e+01
5.825590329906565756e+01
5.893559678302733573e+01
5.925838657629877559e+01
5.925838657629877559e+01
5.942275679874266103e+01
5.944838305200246964e+01
5.998666886282909871e+01
6.037838591706999836e+01
6.061448544100500868e+01
6.103203492463081403e+01
6.135596714932571416e+01
6.149718523568019890e+01
6.174015403042246675e+01
6.221309567577495869e+01
6.265396692079630725e+01
6.307328156420809506e+01
6.351446184562227870e+01
6.374693651019573082e+01
6.469825922237980365e+01
6.483079744983093917e+01
6.510357350702628310e+01
6.567567444478001448e+01
6.622056535883534423e+01
6.693875854200619813e+01
6.734918266331422387e+01
6.743290347667189621e+01
6.801070615866275659e+01
6.891381685034676252e+01
6.910460281366661661e+01
6.971620013208527666e+01
6.973096901229303057e+01
6.992474113077373943e+01
7.031728363341420618e+01
7.043970809572091696e+01
7.070774695080332606e+01
7.141752747588886052e+01
7.196997227083869575e+01
7.234021254275354806e+01
7.247550269192835515e+01
7.273647724036990780e+01
7.318615037634380371e+01
7.346507415833016807e+01
7.384939713434036435e+01
7.466105542577496124e+01
7.508260998782726858e+01
7.554911566446972415e+01
7.603134068967706582e+01
7.636105725750319095e+01
7.693453037067000366e+01
7.693453037067000366e+01
7.693878612012569818e+01
7.776957431380475327e+01
7.776957431380475327e+01
7.825072854517749477e+01
7.828796433544401623e+01
7.860444667001581820e+01
7.878073027746492585e+01
7.887020160157106830e+01
7.905676439374393283e+01
7.942374373344121352e+01
7.942374373344121352e+01
7.958998545046577533e+01
7.968192150554381215e+01
7.998153430935074937e+01
7.998153430935074937e+01
8.059249549286312231e+01
8.089689142528884247e+01
8.143962779260731111e+01
8.219922130519266545e+01
8.250754776755884734e+01
8.280027487442303880e+01
8.340829667891837573e+01
8.341894179349716865e+01
8.373986064405931984e+01
8.403659142041844632e+01
8.403659142041844632e+01
8.452261285552900461e+01
8.452261285552900461e+01
8.452261285552900461e+01
8.502277566431965283e+01
8.522387220751934933e+01
8.528637964769397684e+01
8.528637964769397684e+01
8.552213179779784014e+01
8.584171973478649420e+01
8.598649820785290387e+01
8.639399790754863773e+01
8.662327170353574957e+01
8.662327170353574957e+01
8.662327170353574957e+01
8.662327170353574957e+01
8.709759645803751482e+01
8.742005198248671149e+01
8.806565870475169788e+01
8.810188927384552926e+01
8.838689214645880554e+01
8.861083407133588707e+01
8.892730048865973913e+01
8.899517938078248847e+01
8.917377493546641176e+01
8.966330348148102303e+01
8.966330348148102303e+01
8.997228200488981997e+01
9.062071174542555241e+01
9.104482489299898873e+01
9.122139442247184604e+01
9.142738880370254151e+01
9.171023805140698926e+01
9.192217987679825342e+01
9.238348321860998169e+01
9.288071048010407083e+01
9.322901864560672891e+01
9.343742290203825007e+01
9.380732898540786380e+01
9.403387079116691893e+01
9.441894092831142871e+01
9.441894092831142871e+01
9.457723549342667013e+01
9.497980431247545141e+01
9.500066302132762530e+01
9.525797837113415767e+01
9.558501279895038749e+01
9.558501279895038749e+01
9.558501279895038749e+01
9.565389809142985200e+01
9.597488744624276080e+01
9.618485394485516338e+01
9.618536433826947984e+01
9.650820141286205001e+01
9.654453820847766110e+01
9.700321979189412502e+01
9.713900591057574729e+01
9.769896409786589686e+01
9.781641013475096713e+01
9.805318278928878328e+01
9.819461012245874088e+01
9.829839262088046326e+01
9.829839262088046326e+01
9.881883777393552748e+01
9.892063306785796328e+01
9.933396723661854821e+01
9.959475107145405559e+01
9.986873938709960896e+01
1.004127076992506886e+02
1.004127076992506886e+02
1.004547132928911992e+02
1.007266922042854276e+02
1.011071196928794365e+02
1.012969092505271931e+02
1.012969092505271931e+02
1.014125160843915694e+02
1.015318161360723508e+02
1.015408023800831501e+02
1.015408023800831501e+02
1.019288201479837994e+02
1.021485882088526864e+02
1.023557219552019433e+02
1.028485369718783886e+02
1.028485369718783886e+02
1.032990225952621159e+02
1.035354785946215372e+02
1.035354785946215372e+02
1.038262864217799830e+02
1.038262864217799830e+02
1.038262864217799830e+02
1.038262864217799830e+02
1.038262864217799830e+02
1.038262864217799830e+02
1.039679855864681315e+02
1.039679855864681315e+02
1.040716710002601957e+02
1.043839240533174291e+02
1.045640347576527489e+02
1.045640347576527489e+02
1.047381127572889454e+02
1.051947216854723308e+02
1.051947216854723308e+02
1.051947216854723308e+02
1.053107525804285558e+02
1.055276963579035652e+02
1.055434972374554263e+02
1.055434972374554263e+02
1.055434972374554263e+02
1.058484782116365608e+02
1.058801530284333978e+02
1.060707329382002229e+02
1.063067521415083831e+02
1.063365428456230717e+02
1.065458139946622538e+02
1.065458139946622538e+02
1.066015208283766640e+02
1.066782181870271131e+02
1.066782181870271131e+02
1.070206198961544004e+02
1.073299236353358452e+02
1.073457702631170179e+02
1.076640694081000618e+02
1.076640694081000618e+02
1.076640694081000618e+02
1.076640694081000618e+02
1.076640694081000618e+02
1.077253967400979064e+02
1.080536883902074834e+02
1.082318047932831746e+02
1.089479688279484293e+02
1.090712008876553369e+02
1.090712008876553369e+02
1.090712008876553369e+02
1.095250321309465704e+02
1.095250321309465704e+02
1.097434932007504358e+02
1.101609637981011502e+02
1.102009775350066150e+02
1.105371433845472069e+02
1.107340740455767616e+02
1.108563192482370425e+02
1.109108566661414983e+02
1.109108566661414983e+02
1.109550117594058634e+02
1.111330394297551578e+02
1.114573104900331231e+02
1.115981220733631005e+02
1.117616226437556293e+02
1.118273791257392986e+02
1.118273791257392986e+02
1.122177611490474050e+02
1.122177611490474050e+02
1.122177611490474050e+02
1.125221015146128565e+02
1.127208975262901021e+02
1.130410995898723598e+02
1.130410995898723598e+02
1.135152124265158307e+02
1.139184465477870560e+02
1.139184465477870560e+02
1.139898709208252399e+02
1.142366260223063392e+02
1.146317195646324762e+02
1.149445640535485751e+02
1.149445640535485751e+02
1.149445640535485751e+02
1.149445640535485751e+02
1.149445640535485751e+02
1.149445640535485751e+02
1.151824882854520808e+02
1.151827086150447741e+02
1.152586119721758706e+02
1.152586119721758706e+02
1.153240444327174288e+02
1.153240444327174288e+02
1.155126746830841853e+02
1.155126746830841853e+02
1.160506679829639438e+02
1.160506679829639438e+02
1.160936147101793665e+02
1.162246782893364099e+02
1.162246782893364099e+02
1.162246782893364099e+02
1.162246782893364099e+02
1.162246782893364099e+02
1.162246782893364099e+02
1.162246782893364099e+02
1.162246782893364099e+02
1.162246782893364099e+02
1.163349856471620569e+02
1.163349856471620569e+02
1.166477497693875449e+02
1.170940244749368446e+02
1.171221171911909380e+02
1.171221171911909380e+02
1.171221171911909380e+02
1.175594724188750604e+02
1.175724711953228052e+02
1.175724711953228052e+02
1.175724711953228052e+02
1.175724711953228052e+02
1.177037161228990954e+02
1.179897590941712195e+02
1.179897590941712195e+02
1.180473001456639963e+02
1.180473001456639963e+02
1.181266561514317175e+02
1.181266561514317175e+02
1.181266561514317175e+02
1.181657441458181808e+02
1.181657441458181808e+02
1.182904958932002444e+02
1.183059050050130452e+02
1.183059050050130452e+02
1.183059050050130452e+02
1.185135072099747902e+02
1.186639802550407552e+02
1.187981883896042206e+02
1.192232670630423286e+02
1.195417198249812714e+02
1.197985453838742416e+02
1.198694930464949806e+02
1.198694930464949806e+02
1.198694930464949806e+02
1.198694930464949806e+02
1.199301893746206957e+02
1.202515724179156678e+02
1.205820000317076222e+02
1.205820000317076222e+02
1.205820000317076222e+02
1.205820000317076222e+02
1.205820000317076222e+02
1.209272186263553834e+02
1.209460122834723279e+02
1.211248257313635293e+02
1.214647513099542948e+02
1.214647513099542948e+02
1.218679211927172474e+02
1.220984399815848889e+02
1.220984399815848889e+02
1.220984399815848889e+02
1.220984399815848889e+02
1.224517107864917875e+02
1.224517107864917875e+02
1.224517107864917875e+02
1.225758265349003153e+02
1.229254540158629965e+02
1.233918443881404130e+02
1.235781904981610495e+02
1.235882834070140888e+02
1.236311597889485085e+02
1.236311597889485085e+02
1.238229946008713824e+02
1.239656812254198712e+02
1.239656812254198712e+02
1.239656812254198712e+02
1.242710126699101778e+02
1.242710126699101778e+02
1.247288187336963290e+02
1.251401807567946349e+02
1.253032949188406064e+02
1.256107599284577958e+02
1.257446205927158047e+02
1.262288181046516513e+02
1.263912218484476426e+02
1.264149929701058852e+02
1.264984421590559691e+02
1.266062111280161133e+02
1.269175805181696433e+02
1.269317673557204813e+02
1.272454059746648340e+02
1.272454059746648340e+02
1.272454059746648340e+02
1.272454059746648340e+02
1.274355230669065548e+02
1.274355230669065548e+02
1.276310787789409602e+02
1.276310787789409602e+02
1.276937922477551410e+02
1.276937922477551410e+02
1.278837469065094723e+02
1.278931576858610555e+02
1.282847358320370574e+02
1.285790788151690265e+02
1.285790788151690265e+02
1.286318039566459390e+02
1.286318039566459390e+02
1.286361911506452884e+02
1.288411709096574498e+02
1.288593868164271043e+02
1.292271175803472829e+02
1.292656287091626837e+02
1.295610402385486282e+02
1.295610402385486282e+02
1.295610402385486282e+02
1.295610402385486282e+02
1.296900063256018711e+02
1.296900063256018711e+02
1.298872947510233473e+02
1.298872947510233473e+02
1.302316234791576903e+02
1.302829141192889040e+02
1.304491878252777610e+02
1.307949926654816579e+02
1.307949926654816579e+02
1.307949926654816579e+02
1.310538880050059731e+02
1.311476939748696395e+02
1.316918130699279175e+02
1.318715236990177573e+02
1.319844213909770474e+02
1.319844213909770474e+02
1.319844213909770474e+02
1.319844213909770474e+02
1.321395704209617463e+02
1.323116314861468936e+02
1.323816248011695507e+02
1.325867086239542516e+02
1.325867086239542516e+02
1.325867086239542516e+02
1.325867086239542516e+02
1.325867086239542516e+02
1.325867086239542516e+02
1.325867086239542516e+02
1.327756510422809129e+02
1.331345564668332315e+02
1.335071380154054737e+02
1.335956088229205818e+02
1.340339708109855792e+02
1.340993901387457186e+02
1.341415602881677387e+02
1.344028253949282714e+02
1.345667933847879283e+02
1.348244469612039325e+02
1.349092256238299683e+02
1.349092256238299683e+02
1.350647347071809463e+02
1.351233588925856850e+02
1.353547773332198858e+02
1.353547773332198858e+02
1.354379869206188687e+02
1.354379869206188687e+02
1.355915225881660149e+02
1.358948472874135405e+02
1.360773314964727660e+02
1.363338558911935934e+02
1.363338558911935934e+02
1.364852096917207405e+02
1.372078432885087409e+02
1.376127342301857368e+02
1.379355591346088659e+02
1.382065212325854020e+02
1.384501671608882987e+02
1.384704084443042973e+02
1.388605078878739789e+02
1.393911641977250042e+02
1.396191110147929635e+02
1.397657933386219611e+02
1.400417542409877854e+02
1.401526691871426351e+02
1.404370484067209190e+02
1.406700013092683150e+02
1.409944631186882305e+02
1.413552037544480413e+02
1.415260804718888892e+02
1.417462028063751234e+02
1.417462028063751234e+02
1.418015413177504342e+02
1.418015413177504342e+02
1.419460796044721747e+02
1.419460796044721747e+02
1.419489508606344543e+02
1.419489508606344543e+02
1.422818271757820412e+02
1.425085050277294556e+02
1.426313005562313094e+02
1.428019251788225006e+02
1.428019251788225006e+02
1.428019251788225006e+02
1.428602734007965012e+02
1.428602734007965012e+02
1.428954594524808783e+02
1.432031116969207005e+02
1.432031116969207005e+02
1.432031116969207005e+02
1.433429732106399683e+02
1.436462361568852089e+02
1.437689539478879510e+02
1.440961969793664821e+02
1.442054677605742938e+02
1.442054677605742938e+02
1.444849527270384044e+02
1.445399116540646958e+02
1.448368854000489421e+02
1.451948443878208934e+02
1.451948443878208934e+02
1.455031905585427126e+02
1.455031905585427126e+02
1.455031905585427126e+02
1.455031905585427126e+02
1.455031905585427126e+02
1.455031905585427126e+02
1.455031905585427126e+02
1.457188695272264169e+02
1.458809002040805183e+02
1.463715130361148056e+02
1.463790258420776240e+02
1.463871978949334220e+02
1.467885407262963042e+02
1.469813537166565425e+02
1.469813537166565425e+02
1.470093278796870209e+02
1.473417440370185147e+02
1.475093895939434674e+02
1.475093895939434674e+02
1.476100573619821148e+02
1.477976431004011886e+02
1.477976431004011886e+02
1.477976431004011886e+02
1.477976431004011886e+02
1.477976431004011886e+02
1.481461523982319761e+02
1.482306731218652374e+02
1.482306731218652374e+02
1.484684122655738179e+02
1.488429568407305226e+02
1.488429568407305226e+02
1.488429568407305226e+02
1.489129173528957608e+02
1.491206466855345241e+02
1.494555815249970294e+02
1.496356013653226000e+02
1.496929886154001963e+02
1.499227504852599395e+02
1.502934419128328898e+02
1.502934419128328898e+02
1.507151473499411622e+02
1.507151473499411622e+02
1.507151473499411622e+02
1.511826877651042196e+02
1.514545057359139548e+02
1.514545057359139548e+02
1.514545057359139548e+02
1.517848318182701348e+02
1.519369768707182971e+02
1.520170601114511157e+02
1.520170601114511157e+02
1.523075752789127080e+02
1.526322755676895611e+02
1.528999407904298664e+02
1.528999407904298664e+02
1.531766096111978754e+02
1.537624859006064639e+02
1.541400336467951604e+02
1.543563251941125998e+02
1.545621458294336890e+02
1.547901106424039028e+02
1.552426781745748485e+02
1.554058801292007388e+02
1.556421862620755974e+02
1.561712068927806456e+02
1.563046913860521840e+02
1.563046913860521840e+02
1.569041073198867196e+02
1.573187878638383381e+02
1.575820221417034475e+02
1.579720163082813542e+02
1.583745876673628175e+02
1.584826338418651233e+02
1.587030911424039914e+02
1.587030911424039914e+02
1.587030911424039914e+02
1.589382374213587354e+02
1.592709736985948439e+02
1.592869435782998835e+02
1.595449319207842791e+02
1.598861024292718866e+02
1.603486839106143975e+02
1.609217701191583387e+02
1.609217701191583387e+02
1.610303062320970753e+02
1.610303062320970753e+02
1.610303062320970753e+02
1.610806154234084318e+02
1.613030136398128036e+02
1.614455468229911901e+02
1.616332736180035567e+02
1.619269578105329686e+02
1.621207762921150390e+02
1.625918087675571257e+02
1.626069813289401793e+02
1.631452645421546777e+02
1.634727224564597634e+02
1.638581433488170660e+02
1.639765399525052771e+02
1.642905645317802339e+02
1.642957800658369365e+02
1.644602032587077645e+02
1.647615447371439643e+02
1.653406824722113697e+02
1.656557943697891346e+02
1.656557943697891346e+02
1.659962678835933900e+02
1.663632682501387308e+02
1.664833757133391430e+02
1.664833757133391430e+02
1.668827980736663221e+02
1.671409983364217737e+02
1.680583838814302169e+02
1.680583838814302169e+02
1.682738612714602482e+02
1.682738612714602482e+02
1.685392079714862064e+02
1.689934368670072047e+02
1.691481780396326542e+02
1.694466937335452030e+02
1.695818077274247173e+02
1.700086802347031778e+02
1.700086802347031778e+02
1.703621539961333724e+02
1.703621539961333724e+02
1.705443930217339812e+02
1.707946155661863656e+02
1.709026836327398655e+02
1.711563505210660594e+02
1.711727127955559808e+02
1.714858531327414823e+02
1.716115778234355957e+02
1.718142032307424358e+02
1.722478073293806347e+02
1.722537699724448430e+02
1.722537699724448430e+02
1.726232798803149819e+02
1.726232798803149819e+02
1.729307455314606727e+02
1.731115768757138085e+02
1.734270247181418370e+02
1.736311939186339828e+02
1.736311939186339828e+02
1.736744067044061524e+02
1.737451155930085349e+02
1.741502687534757570e+02
1.745737659780402851e+02
1.748468817563734206e+02
1.750254127525954004e+02
1.750254127525954004e+02
1.754180117644301617e+02
1.757204445962643717e+02
1.757204445962643717e+02
1.759666726086859398e+02
1.759666726086859398e+02
1.759666726086859398e+02
1.764577783914543261e+02
1.764577783914543261e+02
1.764577783914543261e+02
1.769476057451601605e+02
1.769476057451601605e+02
1.770976224356146531e+02
1.779973517802409333e+02
1.780796501309238238e+02
1.781876847780916648e+02
1.781876847780916648e+02
1.783194024694273025e+02
1.786854449423049402e+02
1.792230788389410350e+02
1.792230788389410350e+02
1.792230788389410350e+02
1.794856133495713095e+02
1.794856133495713095e+02
1.798953939551113592e+02
1.798953939551113592e+02
1.801183241520010085e+02
1.803548715727619367e+02
1.805816269834115246e+02
1.806262744131657598e+02
1.808566201110618010e+02
1.810124348954656170e+02
1.810363748375777675e+02
1.810831110631030469e+02
1.814306642171969770e+02
1.816296873532614597e+02
1.817837268235597321e+02
1.820696480882929791e+02
1.821039651513642639e+02
1.821039651513642639e+02
1.822554275961535097e+02
1.822554275961535097e+02
1.826722229231070855e+02
1.826722229231070855e+02
1.828434734875406775e+02
1.829833809102183579e+02
1.833657834483448994e+02
1.833657834483448994e+02
1.833657834483448994e+02
1.834038300565185580e+02
1.835006095248551219e+02
1.836396566891878877e+02
1.837855149498894320e+02
1.838537160359402094e+02
1.840015513752976517e+02
1.840724688131205085e+02
1.846798752779073993e+02
1.846798752779073993e+02
1.846798752779073993e+02
1.848644183105267587e+02
1.850300384279475736e+02
1.850300384279475736e+02
1.852358844700518148e+02
1.854697950951997996e+02
1.854697950951997996e+02
1.858316791758078637e+02
1.858316791758078637e+02
1.861076878382952486e+02
1.861076878382952486e+02
1.861780762907741575e+02
1.863507926185359054e+02
1.863507926185359054e+02
1.863507926185359054e+02
1.863755292653026743e+02
1.863755292653026743e+02
1.866733780154324336e+02
1.872672153387810567e+02
1.874276334579441823e+02
1.876184990765142402e+02
1.876184990765142402e+02
1.880177971630836282e+02
1.881011992844481426e+02
1.883767815131072325e+02
1.884755319039093990e+02
1.884755319039093990e+02
1.890166003080869359e+02
1.894948259683549168e+02
1.896868355019609282e+02
1.898537593717043421e+02
1.900077205397328726e+02
1.900077205397328726e+02
1.901200574645061181e+02
1.902505408099744955e+02
1.902505408099744955e+02
1.902505408099744955e+02
1.903060740002528917e+02
1.905845174232116221e+02
1.905845174232116221e+02
1.907201892312851612e+02
1.907201892312851612e+02
1.907598059185326917e+02
1.910152210173605170e+02
1.910267148622516800e+02
1.916783365910484349e+02
1.918398707281384645e+02
1.920230712907726058e+02
1.921737054383735313e+02
1.921737054383735313e+02
1.923451682163146472e+02
1.925965390528702130e+02
1.929288486649929837e+02
1.931669565805148068e+02
1.932931919649526833e+02
1.935603421571272236e+02
1.937312828654475538e+02
1.939940761058296914e+02
1.942677324507786523e+02
1.942677324507786523e+02
1.942677324507786523e+02
1.942677324507786523e+02
1.946551312615763152e+02
1.948534955716257286e+02
1.952964783217946376e+02
1.952964783217946376e+02
1.954272589465528540e+02
1.955274642758189145e+02
1.957572046691201990e+02
1.957572046691201990e+02
1.958344844281613746e+02
1.962740651575232107e+02
1.963330601235775532e+02
1.965469064942263913e+02
1.967203861125003073e+02
1.969275080834641471e+02
1.969275080834641471e+02
1.969275080834641471e+02
1.970336552304716520e+02
1.972500231189702902e+02
1.972500231189702902e+02
1.977053226638193451e+02
1.981687093228715355e+02
1.982291680024565039e+02
1.986050512928513285e+02
1.988535415527400119e+02
1.990474455110370400e+02
1.993788338245043406e+02
1.993833825632249273e+02
1.994431020961826277e+02
1.994431020961826277e+02
1.996368960176026519e+02
1.996848680034125607e+02
1.996848680034125607e+02
1.997061939565925570e+02
2.001468925220058281e+02
2.001666676842713457e+02
2.001666676842713457e+02
2.005236309731855044e+02
2.008615855258516945e+02
2.009839365721959155e+02
2.010225723853095019e+02
2.012869752472454365e+02
2.014161527628467070e+02
2.014161527628467070e+02
2.019080321122299893e+02
2.021710945926413103e+02
2.021969006941535554e+02
2.021969006941535554e+02
2.026428771249719318e+02
2.027739161260884941e+02
2.030245203276239181e+02
2.030245203276239181e+02
2.033627951138996366e+02
2.033627951138996366e+02
2.035828988854099748e+02
2.037804697724985488e+02
2.042073013917347737e+02
2.046376980791694109e+02
2.047142319786083817e+02
2.047142319786083817e+02
2.047199937566639960e+02
2.048625309500060041e+02
2.049240257212817937e+02
2.050094480081070571e+02
2.050789390022884788e+02
2.052564406089771580e+02
2.052564406089771580e+02
2.053842235456782532e+02
2.054192415368116258e+02
2.056512715380642931e+02
2.056512715380642931e+02
2.059439782710499287e+02
2.059844025357161854e+02
2.062602204248716475e+02
2.062602204248716475e+02
2.063133067966716681e+02
2.063133067966716681e+02
2.064100603292326923e+02
2.064100603292326923e+02
2.064100603292326923e+02
2.064100603292326923e+02
2.065971170717728000e+02
2.066206568052016621e+02
2.066206568052016621e+02
2.068499485656583659e+02
2.068499485656583659e+02
2.069061885237733520e+02
2.069061885237733520e+02
2.071194787529007897e+02
2.074022271424371695e+02
2.077069553731182907e+02
2.077647370101721833e+02
2.079509540752451073e+02
2.079509540752451073e+02
2.079744054157414723e+02
2.080544537984696660e+02
2.080544537984696660e+02
2.084191656977100138e+02
2.085705070576279070e+02
2.089856885592848528e+02
2.093394110107680604e+02
2.100173020101791224e+02
2.100173020101791224e+02
2.103262046257046620e+02
2.106659705026779079e+02
2.107953412300131504e+02
2.107953412300131504e+02
2.107953412300131504e+02
2.109680267345051732e+02
2.110395389538524569e+02
2.116600453277160057e+02
2.116600453277160057e+02
2.117823173297926758e+02
2.117857092149813809e+02
