4.840867366700285501e-01
1.297448454075015079e+00
1.812467129059401660e+00
1.869646185396647509e+00
1.869646185396647509e+00
2.030024036319616254e+00
2.413610369178057269e+00
2.413610369178057269e+00
3.003808436422179540e+00
3.128550239077072526e+00
3.748506141843123363e+00
4.180209779091092592e+00
4.891951432924334320e+00
5.329348538363182008e+00
5.329348538363182008e+00
6.141317351555251491e+00
6.426624546006032723e+00
6.962280954585969184e+00
7.406029526438780763e+00
7.406029526438780763e+00
7.934818596249689548e+00
8.151254221613177364e+00
8.636474742557179951e+00
8.794153000131410991e+00
9.614768609340702099e+00
9.614768609340702099e+00
1.064744404339488959e+01
1.069358869325346362e+01
1.092212570177245823e+01
1.150065425683243880e+01
1.199434203184338266e+01
1.235244269995307675e+01
1.248193286373501998e+01
1.306866816265757514e+01
1.347961674709419633e+01
1.402189350586963101e+01
1.456153332256818445e+01
1.464225940078209653e+01
1.538371271193551948e+01
1.557765496863408750e+01
1.570793444391015292e+01
1.570793444391015292e+01
1.614920566178841455e+01
1.641012441690786972e+01
1.683528962972496856e+01
1.701256726707532252e+01
1.743047880865766786e+01
1.776434451247888902e+01
1.776434451247888902e+01
1.862278764664311126e+01
1.908203075174928642e+01
1.954204524557554379e+01
2.004588630505999447e+01
2.032627201026951980e+01
2.036596895599296886e+01
2.089966659402091409e+01
2.141165286631825992e+01
2.173555358556636463e+01
2.201448979397012096e+01
2.235571572803547369e+01
2.314085940423022336e+01
2.358638820884810983e+01
2.397845240551390589e+01
2.460994360174385065e+01
2.515293272858745866e+01
2.570611847988595855e+01
2.621219824559933187e+01
2.674509549553134491e+01
2.724774470432504359e+01
2.852874500639178024e+01
2.862684105196860784e+01
2.870277067818483019e+01
2.870277067818483019e+01
2.928187133924944874e+01
2.967334109355168792e+01
2.982971306139178580e+01
2.982971306139178580e+01
3.034610483931111702e+01
3.064047410581442321e+01
3.099319084534043256e+01
3.099319084534043256e+01
3.150307574989435366e+01
3.193653480780500331e+01
3.230821820881413942e+01
3.266988171926362838e+01
3.309612587664829420e+01
3.330495254596682742e+01
3.378434300792350342e+01
3.420666018923017759e+01
3.475468304237244155e+01
3.572733969480643879e+01
3.629300705144078876e+01
3.632308733945635737e+01
3.678503563746009775e+01
3.742901840512485023e+01
3.796305048579332464e+01
3.845468307638740413e+01
3.877268648527096673e+01
3.957769669435081994e+01
3.982629276011434882e+01
4.057815626866926806e+01
4.057815626866926806e+01
4.089818724928852589e+01
4.092953280220960721e+01
4.133282300145639709e+01
4.149864499959101494e+01
4.157424397143485351e+01
4.182110249932117796e+01
4.221797559887857432e+01
4.252313079982891253e+01
4.269309991918132852e+01
4.311352510563221330e+01
4.336780340327186423e+01
4.345486197446283683e+01
4.385441988529778712e+01
4.403193384417113521e+01
4.403193384417113521e+01
4.408959900613700000e+01
4.448787500654332661e+01
4.505205653251868370e+01
4.533650234872711593e+01
4.570044508555641727e+01
4.570044508555641727e+01
4.612564798882834793e+01
4.682408204956422537e+01
4.750259055981438649e+01
4.765072274182776368e+01
4.828204139164607511e+01
4.864966939710884475e+01
4.901433500603990723e+01
4.901433500603990723e+01
4.946581491742949765e+01
4.978496598788282057e+01
5.019996377726266701e+01
5.041252102128608215e+01
5.052106630039585866e+01
5.062676516334731502e+01
5.129863101149737759e+01
5.129863101149737759e+01
5.192885244151720059e+01
5.225973860849158825e+01
5.250304049967917308e+01
5.310321089108883541e+01
5.310321089108883541e+01
5.337447878364900333e+01
5.349757603965811370e+01
5.378580296795200866e+01
5.414506399264209335e+01
5.423565205124495492e+01
5.477296372593173857e+01
5.519548034716042650e+01
5.556960339766037293e+01
5.582657891953731877e+01
5.583634114862970677e+01
5.591330909454297426e+01
5.678234833331659814e+01
5.702490191848256273e+01
5.731769107505665062e+01
5.756242006772978925e+01
5.784594896531354635e+01
5.799221943609186525e+01
5.849995065686045592e+01
5.864654582684680406e+01
5.931791171459836676e+01
5.988919386375008713e+01
6.025809068026158144e+01
6.089795433370437650e+01
6.089795433370437650e+01
6.175732078494629462e+01
6.216370948117538120e+01
6.283330927785381448e+01
6.358961382501126280e+01
6.369892835237150308e+01
6.422630401043571169e+01
6.463631975220449988e+01
6.463631975220449988e+01
6.515065355928616952e+01
6.551822690130239835e+01
6.606043283599640858e+01
6.654007747825744445e+01
6.705227397536887679e+01
6.705227397536887679e+01
6.756080485942662506e+01
6.813472113717608636e+01
6.821101902401167649e+01
6.866540539106746621e+01
6.892421706935245140e+01
6.959097886672965672e+01
7.007994642700693078e+01
7.089392419711072080e+01
7.091246244585158820e+01
7.134699217743664690e+01
7.134699217743664690e+01
7.163611211581331872e+01
7.207470731717373269e+01
7.280624591791041667e+01
7.331419261916653340e+01
7.359462537493014622e+01
7.422273815077072356e+01
7.469219785174458082e+01
7.469219785174458082e+01
7.499216740625199407e+01
7.516769678676459421e+01
7.551001041299444694e+01
7.583453115329716354e+01
7.606523345788430390e+01
7.606523345788430390e+01
7.643473636917703118e+01
7.684402923532238106e+01
7.733081172519442248e+01
7.772186584453922364e+01
7.851133184673862786e+01
7.885875452513752748e+01
7.903231033159582353e+01
7.926367898361289122e+01
7.971672071947719473e+01
7.992716253913766877e+01
8.036512152084229399e+01
8.069334765633738016e+01
8.069334765633738016e+01
8.103033691567947017e+01
8.141739229479601647e+01
8.204851770285802104e+01
8.281496852003290599e+01
8.329104108542992435e+01
8.386158040260299629e+01
8.390076097563728297e+01
8.390076097563728297e+01
8.428297053731901656e+01
8.507916837788089026e+01
8.561395146386402644e+01
8.567503974431505753e+01
8.615406767628046225e+01
8.650061846363441020e+01
8.708201480678690132e+01
8.741076647244422304e+01
8.805934685149597385e+01
8.834554450120400304e+01
8.873942259607495942e+01
8.902013405948426339e+01
8.932316695058273126e+01
8.977845067346437702e+01
8.977845067346437702e+01
8.999620627202638445e+01
9.012811940960678214e+01
9.061981765490266127e+01
9.123096327857481924e+01
9.181175561425202147e+01
9.251855825789118626e+01
9.273552853418706832e+01
9.319117215445211855e+01
9.343497039016163797e+01
9.375064156153247552e+01
9.406904886527067333e+01
9.444975860889101682e+01
9.462354290582250371e+01
9.505572382471645199e+01
9.531027952607499287e+01
9.556770756067513162e+01
9.599520158034161454e+01
9.599520158034161454e+01
9.660689553309751432e+01
9.660689553309751432e+01
9.696869959588750021e+01
9.742061962587351331e+01
9.762028100000817687e+01
9.762028100000817687e+01
9.772381648289569966e+01
9.801862715014574690e+01
9.801862715014574690e+01
9.851873616198695061e+01
9.914527730394519267e+01
9.955781477890856479e+01
1.000565728430138819e+02
1.000978407551855014e+02
1.008080864202623133e+02
1.013737770826569431e+02
1.017254875880198455e+02
1.020258499662475771e+02
1.022470478921684247e+02
1.023904343314199537e+02
1.023904343314199537e+02
1.029202725975901984e+02
1.033862496729382201e+02
1.037317742791156405e+02
1.041756971128545928e+02
1.043676604673271555e+02
1.051131167860123412e+02
1.058929154819435752e+02
1.064304190749755890e+02
1.069063029180663307e+02
1.073512465372498923e+02
1.073512465372498923e+02
1.073552973086547695e+02
1.079797889245963916e+02
1.083733609463032934e+02
1.083733609463032934e+02
1.089820805137452027e+02
1.098862005681090324e+02
1.101022312202638034e+02
1.102689698771542339e+02
1.106263749124368445e+02
1.109576257045059009e+02
1.114246193064703903e+02
1.121595240239265365e+02
1.128955045141731546e+02
1.130789950372804213e+02
1.131950922681437959e+02
1.135495471092103941e+02
1.137915998118779726e+02
1.141866473975776586e+02
1.144828974660722452e+02
1.148029133852124204e+02
1.152949239047227792e+02
1.158341408158166956e+02
1.160810530013928883e+02
1.166112276527741045e+02
1.172647534347400580e+02
1.175968587595198898e+02
1.180813218183600100e+02
1.182261105544512958e+02
1.185909503534183926e+02
1.188295540322802708e+02
1.188295540322802708e+02
1.190400383996338576e+02
1.190400383996338576e+02
1.194232439947465281e+02
1.197692095274902329e+02
1.200092546863660772e+02
1.203618782837901904e+02
1.208058872088741538e+02
1.212492874754321832e+02
1.212492874754321832e+02
1.214190961273852594e+02
1.219394110087840488e+02
1.222702128008414917e+02
1.227322967104236682e+02
1.233159446337011218e+02
1.236318889630441049e+02
1.238273804120773747e+02
1.238773790046859915e+02
1.241595673077113702e+02
1.247345079738975215e+02
1.252018986394994897e+02
1.257241177330233199e+02
1.260596231590588019e+02
1.260596231590588019e+02
1.261934554774995547e+02
1.263740808074622350e+02
1.270182061086643159e+02
1.270182061086643159e+02
1.276062802689551177e+02
1.278428742590660505e+02
1.283280633941098756e+02
1.288613481011112754e+02
1.293567402677933842e+02
1.296395763469480187e+02
1.303149014608878815e+02
1.305160538450124648e+02
1.308082317602400053e+02
1.312545972280220212e+02
1.317291847724495710e+02
1.319759953892925637e+02
1.321336043733867029e+02
1.325843056968100768e+02
1.325843056968100768e+02
1.331907056204464368e+02
1.331907056204464368e+02
1.335348613096194583e+02
1.340111896402098353e+02
1.347825807772114217e+02
1.350916932624253946e+02
1.355573573023717415e+02
1.355573573023717415e+02
1.356581812400693821e+02
1.362142373005401623e+02
1.363925837492951985e+02
1.368124422843853552e+02
1.371675409155269563e+02
1.374488013731323690e+02
1.374831107082254107e+02
1.380348079910951071e+02
1.382938893841737240e+02
1.385391157610093842e+02
1.385526669752785835e+02
1.386682734198960532e+02
1.390943962636913795e+02
1.395263377870296893e+02
1.402240462319649055e+02
1.402614507833763184e+02
1.408067089298889414e+02
1.409607070612320570e+02
1.414787143017208280e+02
1.420655469339683634e+02
1.423246457973251324e+02
1.429584209173993941e+02
1.432046575036199556e+02
1.439969767978400341e+02
1.442197584810345461e+02
1.444418066262473985e+02
1.448709014850953736e+02
1.452855397386530569e+02
1.452855397386530569e+02
1.454517511779625352e+02
1.458308843379761299e+02
1.459650867999027071e+02
1.459650867999027071e+02
1.463085238571118225e+02
1.468963615193465273e+02
1.471719628561777995e+02
1.475174475824607896e+02
1.479163225439953635e+02
1.484241615385513455e+02
1.489028964274706937e+02
1.496743190867292981e+02
1.503655632794433359e+02
1.506336198203157721e+02
1.506336198203157721e+02
1.513127618075687053e+02
1.513127618075687053e+02
1.513127618075687053e+02
1.521927848638032970e+02
1.523587421241865343e+02
1.523587421241865343e+02
1.528041868310652660e+02
1.534549898634342355e+02
1.540741298358564677e+02
1.547933237443226631e+02
1.551716101861393327e+02
1.553735767675853197e+02
1.558358146789761918e+02
1.564541283149677895e+02
1.570919450775651853e+02
1.574207297298285937e+02
1.576636411956415316e+02
1.578222054818899096e+02
1.583020322851745902e+02
1.584482048828529059e+02
1.586995195139132875e+02
1.591456029183776479e+02
1.597025886268730801e+02
1.601171486381810496e+02
1.604935530046143128e+02
1.606007756242966025e+02
1.610640198356736619e+02
1.614998923192555367e+02
1.618537688999024056e+02
1.621244660345991235e+02
1.626805709448141499e+02
1.626805709448141499e+02
1.627466291297563430e+02
1.630971588550585523e+02
1.638290828261883689e+02
1.638290828261883689e+02
1.641483939110783581e+02
1.643281606020607626e+02
1.645371407343299097e+02
1.651125373569054773e+02
1.655187573889777468e+02
1.655187573889777468e+02
1.658858996281664702e+02
1.662929346812602773e+02
1.665667436283662255e+02
1.665667436283662255e+02
1.672623411228527459e+02
1.674308028837529037e+02
1.676210069318775595e+02
1.679834147504113275e+02
1.682652755366617612e+02
1.683523093985876358e+02
1.686541527150264699e+02
1.689033213753967004e+02
1.690737081155547514e+02
1.695682900477289365e+02
1.698563581619367540e+02
1.698719124580279356e+02
1.698946173855535733e+02
1.702162970319594422e+02
1.707553953969505756e+02
1.710442613049019087e+02
1.710546270155276432e+02
1.714297756155501133e+02
1.716763941893498213e+02
1.719901117269503743e+02
1.722904497343665753e+02
1.722904497343665753e+02
1.726054307875090501e+02
1.726054307875090501e+02
1.730697752181462761e+02
1.736380444911657719e+02
1.736932327800173539e+02
1.741728354712963664e+02
1.742653347425177799e+02
1.742653347425177799e+02
1.750237899227949185e+02
1.754558251137191007e+02
1.755415409817012176e+02
1.757412262011053485e+02
1.764389513777738330e+02
1.767579071246334763e+02
1.767579071246334763e+02
1.771367638810442315e+02
1.773948172806650234e+02
1.773948172806650234e+02
1.776946590013004084e+02
1.779935936308816053e+02
1.779935936308816053e+02
1.779935936308816053e+02
1.782382808250958988e+02
1.782382808250958988e+02
1.784438634682272209e+02
1.786124760811856049e+02
1.786124760811856049e+02
1.789174283840205533e+02
1.793253666252367680e+02
1.795259317469180758e+02
1.795973951235949357e+02
1.801245662796610532e+02
1.801245662796610532e+02
1.801245662796610532e+02
1.802809867154617223e+02
1.808046549839152988e+02
1.812083176106614815e+02
1.813878728845738237e+02
1.816175856139011557e+02
1.819970901093650468e+02
1.824785019193467122e+02
1.825146885686377232e+02
1.827171710066945423e+02
1.833471326894214144e+02
1.836523573127330167e+02
1.836523573127330167e+02
1.836523573127330167e+02
1.840199810165672147e+02
1.842285255974289555e+02
1.843460090297309932e+02
1.848835832529325671e+02
1.850566922766719244e+02
1.850566922766719244e+02
1.854701603656354791e+02
1.857429207370927600e+02
1.857429207370927600e+02
1.860493605934873358e+02
1.865687716596066537e+02
1.865687716596066537e+02
1.865687716596066537e+02
1.869667558941281982e+02
1.869667558941281982e+02
1.874352859758672594e+02
1.875955353092807627e+02
1.877779812715749301e+02
1.878684798647775267e+02
1.884009652927489356e+02
1.886072097086324391e+02
1.886587887974147861e+02
1.889205599271375320e+02
1.891644663132455264e+02
1.891644663132455264e+02
1.894820626143369111e+02
1.898944546421743382e+02
1.898944546421743382e+02
1.903013830873013319e+02
1.903013830873013319e+02
1.908494462332914452e+02
1.909658968652225326e+02
1.912558896501119250e+02
1.916495715975976566e+02
1.924874689900768487e+02
1.927865760750238167e+02
1.928582302854845807e+02
1.931703492017317956e+02
1.931703492017317956e+02
1.934320254377434480e+02
1.937455560995181543e+02
1.937594647236644505e+02
1.937594647236644505e+02
1.940194674948309341e+02
1.942342659125935711e+02
1.942342659125935711e+02
1.944309688250276338e+02
1.945870122314921389e+02
1.948363879677575312e+02
1.952581922248776323e+02
1.952581922248776323e+02
1.953756396550730017e+02
1.953867244502380629e+02
1.954160625865813756e+02
1.954160625865813756e+02
1.954681924373004165e+02
1.956572375333882974e+02
1.956572375333882974e+02
1.957890856884385755e+02
1.959927176081244795e+02
1.960583013998140132e+02
1.962474731546769533e+02
1.964956875052765781e+02
1.969195969308736949e+02
1.969195969308736949e+02
1.969195969308736949e+02
1.969195969308736949e+02
1.973839366391428882e+02
1.973839366391428882e+02
1.974554643814889516e+02
1.975197751533131907e+02
1.978036732348724911e+02
1.979854808553597820e+02
1.983207526726660319e+02
1.985608221463541554e+02
1.990376744417793020e+02
1.991490948549329403e+02
1.991490948549329403e+02
1.991490948549329403e+02
1.996400166897249449e+02
2.000025789251234585e+02
2.004442478769559273e+02
2.006993310380074433e+02
2.009393760652532137e+02
2.010707418134960847e+02
2.011025335190390138e+02
2.011211046664635091e+02
2.012483694679823429e+02
2.016196162398192939e+02
2.016470499889458949e+02
2.020394319058530357e+02
2.020394319058530357e+02
2.023581285135366841e+02
2.028965428582015988e+02
2.032476058964933827e+02
2.036465767285519064e+02
2.039687477550083656e+02
2.039687477550083656e+02
2.044243600536210863e+02
2.045575692685248157e+02
2.047829608423225807e+02
2.047829608423225807e+02
2.051551818354481327e+02
2.055430483783466116e+02
2.056429870757314688e+02
2.057736572463480513e+02
2.063197766800432476e+02
2.063197766800432476e+02
2.064164851263593903e+02
2.068080493846105128e+02
2.070133743589101698e+02
2.074256162254262108e+02
2.074888597084343189e+02
2.084115271454049889e+02
2.088076874473370879e+02
2.091672873499561263e+02
2.094480250007583493e+02
2.094480250007583493e+02
2.097094318808147477e+02
2.101334208428255863e+02
2.104028958295716905e+02
2.104028958295716905e+02
2.104028958295716905e+02
2.106573887349707377e+02
2.111172642208782975e+02
2.114396277194967979e+02
2.117657801298294657e+02
2.120867888585890171e+02
2.123271073011950136e+02
2.124174394503054941e+02
2.126603592033199277e+02
2.126919206037808010e+02
2.128539444250858708e+02
2.128539444250858708e+02
2.132027954195317250e+02
2.134000529789764187e+02
2.134000529789764187e+02
2.134000529789764187e+02
2.135654204636271913e+02
2.135654204636271913e+02
2.137417363548612173e+02
2.137417363548612173e+02
2.137417363548612173e+02
2.137662543608416286e+02
2.142240699197497804e+02
2.146564328872590295e+02
2.151923114036579534e+02
2.154649449088660162e+02
2.160491994994731897e+02
2.162204274125473660e+02
2.162337143279406746e+02
2.164932647390578211e+02
2.169613499863787354e+02
2.174343466843385499e+02
2.176548142871359914e+02
2.179348362076057413e+02
2.179348362076057413e+02
2.183574393750679974e+02
2.188193587267291207e+02
2.191808726000384411e+02
2.195388153362305275e+02
2.197167189991542102e+02
2.201761841249005727e+02
2.201761841249005727e+02
2.205783176101919025e+02
2.205783176101919025e+02
2.211502483189441648e+02
2.214974326508568083e+02
2.218400045378583627e+02
2.222210222110392124e+02
2.228638063129513682e+02
2.230254233012902887e+02
2.233253819431648139e+02
2.234044213769990677e+02
2.234159446254863610e+02
2.236867311737376554e+02
2.239587478903473823e+02
2.242320144306049201e+02
2.243381429973946410e+02
2.243666986626932669e+02
2.247545770718943459e+02
2.252150784444171450e+02
2.253552459646349746e+02
2.258351986263213576e+02
2.261620303192482879e+02
2.269291424321385762e+02
2.269358922167018306e+02
2.271327468858776228e+02
2.273217283452594586e+02
2.274071613221127279e+02
2.275826255594314205e+02
2.279262698093102415e+02
2.279520900762289841e+02
2.279520900762289841e+02
2.281414457408302781e+02
2.281414457408302781e+02
2.288158718422506013e+02
2.290014626573681369e+02
2.293388647029774177e+02
2.297617511295646580e+02
2.303983326897235600e+02
2.303983326897235600e+02
2.307254560730017658e+02
2.311258733169174775e+02
2.315564137137994010e+02
2.318146469427950933e+02
2.318146469427950933e+02
2.318146469427950933e+02
2.319782646413949010e+02
2.319782646413949010e+02
2.321429537475065956e+02
2.324653146804847950e+02
2.328848520559315318e+02
2.330933155292721040e+02
2.332104435485770466e+02
2.335251457478621830e+02
2.339068070004120727e+02
2.341715827634731681e+02
2.341715827634731681e+02
2.344336444193326656e+02
2.344336444193326656e+02
2.350332776232728520e+02
2.350332776232728520e+02
2.353931730977741950e+02
2.356569108514055984e+02
2.358249723621099463e+02
2.360047966177241960e+02
2.360047966177241960e+02
2.363010559900396004e+02
2.364099991474889180e+02
2.366035511737805450e+02
2.369277000695354047e+02
2.372502119403384597e+02
2.373714449495969916e+02
2.376782670982213688e+02
2.381250138191709880e+02
2.385409124750751744e+02
2.386483974514945317e+02
2.386483974514945317e+02
2.387020317991473348e+02
2.390204052099823855e+02
2.394505155759826778e+02
2.396085297073605034e+02
2.397176920079060949e+02
2.397176920079060949e+02
2.399850393264268575e+02
2.399986448022974628e+02
2.404291188040631368e+02
2.405501954731841749e+02
2.407487223122620037e+02
2.412674262276613320e+02
2.418558121911995613e+02
2.423569528000813023e+02
2.423668140345765210e+02
2.426843860031286226e+02
2.428263305761989272e+02
2.432792063087800614e+02
2.432792063087800614e+02
2.434307640480238604e+02
2.435260224174081145e+02
2.436131081052848515e+02
2.439663145473128338e+02
2.440352057815148328e+02
2.441587591142494205e+02
2.443067746682897905e+02
2.443809133321066156e+02
2.443809133321066156e+02
2.445241558864595959e+02
2.445241558864595959e+02
2.445241558864595959e+02
2.447998675943950673e+02
2.452256632195188786e+02
2.454485058862231597e+02
2.457231843664685584e+02
2.457907203439442583e+02
2.461142032422698662e+02
2.462509659436001641e+02
2.465259243278531756e+02
2.468251533846548398e+02
2.468251533846548398e+02
2.468251533846548398e+02
2.470813634784140618e+02
2.470959829168927797e+02
2.474207200547255354e+02
2.474207200547255354e+02
2.475773779839465192e+02
2.475773779839465192e+02
2.477101731245950589e+02
2.477101731245950589e+02
2.478694762614366027e+02
2.479311366296157644e+02
2.483395681959694059e+02
2.483395681959694059e+02
2.485474067754635712e+02
2.485474067754635712e+02
2.489574547317015742e+02
2.490658054828843717e+02
2.491037296381078932e+02
2.492284217710926555e+02
2.492284217710926555e+02
2.494525650706620468e+02
2.494742614340484010e+02
2.497538442234025524e+02
2.497538442234025524e+02
2.497538442234025524e+02
2.498451606502117386e+02
2.500873186674237445e+02
2.500873186674237445e+02
2.502788094713967268e+02
2.504767023202303164e+02
2.506595257775124139e+02
2.509067901240154015e+02
2.511812267744008977e+02
2.513473851784149247e+02
2.518021717305221614e+02
2.518021717305221614e+02
2.519683045584708623e+02
2.524139823426209830e+02
2.524894283087583062e+02
2.530732230697304601e+02
2.530732230697304601e+02
2.532965305594078416e+02
2.534369262517821539e+02
2.535183061780222431e+02
2.535740603611377821e+02
2.539614746753006784e+02
2.542554918433084765e+02
2.542554918433084765e+02
2.542554918433084765e+02
2.542930040888211920e+02
2.543005118275430902e+02
2.543005118275430902e+02
2.545329568276266627e+02
2.551011495588665241e+02
2.551011495588665241e+02
2.551011495588665241e+02
2.551231557802188945e+02
2.554378253259734493e+02
2.557131823646250552e+02
2.558043808954370490e+02
2.559567074047089932e+02
2.561350929443216842e+02
2.563744007321026288e+02
2.563744007321026288e+02
2.564714190382007359e+02
2.564714190382007359e+02
2.566280926839997392e+02
2.567852753155068513e+02
2.568553177054254775e+02
2.568591182872380045e+02
2.570952168141081984e+02
2.574719378139777177e+02
2.574719378139777177e+02
2.574719378139777177e+02
2.576520146102080844e+02
2.576520146102080844e+02
2.576705697046847945e+02
2.576705697046847945e+02
2.576710893029107865e+02
2.576710893029107865e+02
2.577543412130140723e+02
2.577543412130140723e+02
2.577543412130140723e+02
2.577543412130140723e+02
2.577543412130140723e+02
2.579896570381630454e+02
2.582075078265617094e+02
2.582075078265617094e+02
2.587499581967219342e+02
2.587499581967219342e+02
2.589384516346974010e+02
2.589384516346974010e+02
2.591451260051256895e+02
2.592304666623472826e+02
2.592304666623472826e+02
2.594194876245891805e+02
2.594194876245891805e+02
2.594194876245891805e+02
2.598278619155466913e+02
2.598278619155466913e+02
2.598278619155466913e+02
2.598278619155466913e+02
2.598278619155466913e+02
2.599163189016828710e+02
2.601257702461742269e+02
2.602605905462586406e+02
2.603984883216118078e+02
2.603984883216118078e+02
2.603984883216118078e+02
2.603984883216118078e+02
2.607743940667551783e+02
2.607743940667551783e+02
2.608447615839100422e+02
2.608811528069696806e+02
2.610007085195970831e+02
2.610266889232392487e+02
2.610266889232392487e+02
2.613344177504986874e+02
2.614040098592343497e+02
2.614040098592343497e+02
2.614040098592343497e+02
2.615653065386752019e+02
2.615653065386752019e+02
2.615653065386752019e+02
2.616014805737180495e+02
2.618165468051399216e+02
2.618165468051399216e+02
2.618165468051399216e+02
2.620503254917210256e+02
2.620503254917210256e+02
2.622472465706670164e+02
2.625425476555025170e+02
2.625425476555025170e+02
2.629952660300969001e+02
2.629952660300969001e+02
2.629952660300969001e+02
2.629952660300969001e+02
2.630667029420938547e+02
2.633968945252591993e+02
2.633968945252591993e+02
2.634554063185155428e+02
2.634554063185155428e+02
2.636395265206679710e+02
2.638969243570116987e+02
2.638969243570116987e+02
2.639634512485708910e+02
2.642663849612304148e+02
2.646287118029647445e+02
2.646287118029647445e+02
2.646984893336205005e+02
2.646984893336205005e+02
2.646984893336205005e+02
2.646984893336205005e+02
2.647009762245229467e+02
2.647009762245229467e+02
2.647009762245229467e+02
2.647167825755015542e+02
2.647167825755015542e+02
2.647751327701058131e+02
2.647751327701058131e+02
2.647751327701058131e+02
2.647751327701058131e+02
2.648951524226735046e+02
2.649395784541124499e+02
2.649395784541124499e+02
2.651505298684499508e+02
2.652071726604204969e+02
2.654246545427901651e+02
2.654286108739463543e+02
2.655422705356039046e+02
2.655422705356039046e+02
2.655860683272198912e+02
2.656099185633197521e+02
2.658097219862431189e+02
2.658446217469116277e+02
2.660971414173041580e+02
2.660971414173041580e+02
2.663981105775125116e+02
2.666277667942782728e+02
2.670047136596115820e+02
2.670047136596115820e+02
2.672028758982499426e+02
2.672028758982499426e+02
2.672028758982499426e+02
2.673307422886405789e+02
2.673307422886405789e+02
2.674937408867991735e+02
