5.129487676438648780e-01
5.435060726411873322e-01
6.329928296371674090e-01
7.622698145897552902e-01
9.421180396530610679e-01
1.435739460003261136e+00
2.144389406233341067e+00
2.632561322745708310e+00
3.137013254433330012e+00
3.451019198630555618e+00
3.451019198630555618e+00
3.770081783226352901e+00
4.218391630157572791e+00
4.954638960084530197e+00
5.222279731735445019e+00
5.560612311870174906e+00
5.796401030226787654e+00
5.796401030226787654e+00
5.796401030226787654e+00
5.956374445455411504e+00
6.285823970615420642e+00
6.285823970615420642e+00
6.535684798669633366e+00
6.576714743173523559e+00
6.657237566148773489e+00
6.657237566148773489e+00
7.009057405530031204e+00
7.537576933677139657e+00
7.869763625962500342e+00
8.208910038877126780e+00
8.208910038877126780e+00
8.346235182992193913e+00
8.574664727511853712e+00
8.909414933755973820e+00
9.314182324883130804e+00
9.314182324883130804e+00
9.365694046522282434e+00
9.365694046522282434e+00
9.670939000787303286e+00
1.005705823716863101e+01
1.014373628752549195e+01
1.053222101803040367e+01
1.076114349850427843e+01
1.093784192788343290e+01
1.093784192788343290e+01
1.114648604605219617e+01
1.119587472357741476e+01
1.128035879911520922e+01
1.128035879911520922e+01
1.170313866131031055e+01
1.198984838646472184e+01
1.227967631499845602e+01
1.275595839502395812e+01
1.293343264277487492e+01
1.293343264277487492e+01
1.316044934574904346e+01
1.364669980614095657e+01
1.401396799934146209e+01
1.401396799934146209e+01
1.444100213757817386e+01
1.444100213757817386e+01
1.481071089983697142e+01
1.486494150902604261e+01
1.538324633184579859e+01
1.549565388613804728e+01
1.549848149283315379e+01
1.620690500457064331e+01
1.648401384145256188e+01
1.675985879389897804e+01
1.697204240582782475e+01
1.753170635264519106e+01
1.753170635264519106e+01
1.801066983072385952e+01
1.828001052231169510e+01
1.862916281456393008e+01
1.907747827263166585e+01
1.911059639627256956e+01
1.922133038521882398e+01
1.959894218596583215e+01
2.026642547205156220e+01
2.072777479562511971e+01
2.083738736430315441e+01
2.107158213096419175e+01
2.149852885938003766e+01
2.172849763322117056e+01
2.197269262637298937e+01
2.234312576407033291e+01
2.234312576407033291e+01
2.236495667327918468e+01
2.236495667327918468e+01
2.285370858553973505e+01
2.285370858553973505e+01
2.285370858553973505e+01
2.337622220723901378e+01
2.385570165689089350e+01
2.389823236206935775e+01
2.441986154336465020e+01
2.473357457289997186e+01
2.509137730557858248e+01
2.554493038808091399e+01
2.554493038808091399e+01
2.554493038808091399e+01
2.554493038808091399e+01
2.572997895667216284e+01
2.602261391691862258e+01
2.625338058020513188e+01
2.625338058020513188e+01
2.625338058020513188e+01
2.636463810726100476e+01
2.646638129346310464e+01
2.646638129346310464e+01
2.646667614650007394e+01
2.658329836681796365e+01
2.681646444460645640e+01
2.709593950605128398e+01
2.719234807112397334e+01
2.737292383233252480e+01
2.748628135291830432e+01
2.748628135291830432e+01
2.767053695728992935e+01
2.767053695728992935e+01
2.783751111278721524e+01
2.791633973183303397e+01
2.813465917352052870e+01
2.813465917352052870e+01
2.850704296836676122e+01
2.882291162288705166e+01
2.915418342183077982e+01
2.920531643141034905e+01
2.929035336213037866e+01
2.939237983573134372e+01
2.939237983573134372e+01
2.968951119485701895e+01
2.968951119485701895e+01
2.989535764879482116e+01
3.004451769410587758e+01
3.021230719474327842e+01
3.021230719474327842e+01
3.034620567582158657e+01
3.035609174502677021e+01
3.051827548902046416e+01
3.109331797182648671e+01
3.130034508530929926e+01
3.174747742813245210e+01
3.228656788269909583e+01
3.250261838216775345e+01
3.291177430066738197e+01
3.304578066341921527e+01
3.312203932117429162e+01
3.312203932117429162e+01
3.331819428844715247e+01
3.392674561934151001e+01
3.392674561934151001e+01
3.407595496235754950e+01
3.407595496235754950e+01
3.428591533409707637e+01
3.448841476451585919e+01
3.448841476451585919e+01
3.448841476451585919e+01
3.448841476451585919e+01
3.458549848370835633e+01
3.472383038127616572e+01
3.497274259245831729e+01
3.504297761932353694e+01
3.514732559494491682e+01
3.514732559494491682e+01
3.514732559494491682e+01
3.514732559494491682e+01
3.537974240742359200e+01
3.537974240742359200e+01
3.581891231140409815e+01
3.608492713308729094e+01
3.617887373381424254e+01
3.659065983498828700e+01
3.680298353606180939e+01
3.693922880934884034e+01
3.743760996039106459e+01
3.743760996039106459e+01
3.743760996039106459e+01
3.764244457822989176e+01
3.786721864650617420e+01
3.786721864650617420e+01
3.800680977771325786e+01
3.834621260192764680e+01
3.834621260192764680e+01
3.838493051532849876e+01
3.838493051532849876e+01
3.838493051532849876e+01
3.838493051532849876e+01
3.859549170018454589e+01
3.882473265173737786e+01
3.882473265173737786e+01
3.882867788718214541e+01
3.896748527389279104e+01
3.905873485686882418e+01
3.936047813934139583e+01
3.936047813934139583e+01
3.936047813934139583e+01
3.936081859876304634e+01
3.951891294975831670e+01
3.985537267241589632e+01
3.990202879238594846e+01
3.990202879238594846e+01
3.990202879238594846e+01
3.990202879238594846e+01
3.998499180956392252e+01
4.046860073220617693e+01
4.085525628401085640e+01
4.085525628401085640e+01
4.112302509560216635e+01
4.125464893468115690e+01
4.156431784390782269e+01
4.156431784390782269e+01
4.195532462177664712e+01
4.211090132583403545e+01
4.262501538384933042e+01
4.286982223317073704e+01
4.290343802084151292e+01
4.315376615783063130e+01
4.327389856555068093e+01
4.355784793534778032e+01
4.391839718633442402e+01
4.417120062349528098e+01
4.463513968848636182e+01
4.471967478860752010e+01
4.520614363159904769e+01
4.559047036881563031e+01
4.564282668015419375e+01
4.564719843414046352e+01
4.601274307286342236e+01
4.629971237296574316e+01
4.647656903070242862e+01
4.662157988526766417e+01
4.680025736391272062e+01
4.684466462016002453e+01
4.684466462016002453e+01
4.684466462016002453e+01
4.718102613010822921e+01
4.735298972822165098e+01
4.769779069020385265e+01
4.769779069020385265e+01
4.780049030242056318e+01
4.811260497034507466e+01
4.836952564210900363e+01
4.867063931140022248e+01
4.884556411267660536e+01
4.884556411267660536e+01
4.914774733755405123e+01
4.914774733755405123e+01
4.914774733755405123e+01
4.953945713370500670e+01
4.974213010737057061e+01
5.001380679658256412e+01
5.018142732131666861e+01
5.029259757563701072e+01
5.061171550969826427e+01
5.065593787815235061e+01
5.092346500749578553e+01
5.092346500749578553e+01
5.119456563808015659e+01
5.145638647569889912e+01
5.192010747914712709e+01
5.192010747914712709e+01
5.201823808185731224e+01
5.257142705264970317e+01
5.257142705264970317e+01
5.270112473469481529e+01
5.310807869093865463e+01
5.310807869093865463e+01
5.317586623302209148e+01
5.358377628131351855e+01
5.401121625526754144e+01
5.426420430705222486e+01
5.472085098515958634e+01
5.486197890145244571e+01
5.486197890145244571e+01
5.509286231397126699e+01
5.515977176668482684e+01
5.515977176668482684e+01
5.532915197487067616e+01
5.532915197487067616e+01
5.539252202183784135e+01
5.539252202183784135e+01
5.545907175811703382e+01
5.608690718942624187e+01
5.641882032055548990e+01
5.664885649918884525e+01
5.682376970392805760e+01
5.731017466101425128e+01
5.773848978406466159e+01
5.773848978406466159e+01
5.804878912779702205e+01
5.807154570755461265e+01
5.822911710878281610e+01
5.822911710878281610e+01
5.855897731460829903e+01
5.881410693837840853e+01
5.888648035349783072e+01
5.911403735516717006e+01
5.933410004801108784e+01
5.933679190265966952e+01
5.971305384625217272e+01
5.978349219231196798e+01
6.003116540703888404e+01
6.030481343976304487e+01
6.052242305348170248e+01
6.091819950445785992e+01
6.138313634719641243e+01
6.138313634719641243e+01
6.166139240808806221e+01
6.166139240808806221e+01
6.166139240808806221e+01
6.178227373304657277e+01
6.237107194201883686e+01
6.237107194201883686e+01
6.286103741486702745e+01
6.289020905316879606e+01
6.289020905316879606e+01
6.303605493365801493e+01
6.303605493365801493e+01
6.303605493365801493e+01
6.348382146829764849e+01
6.348382146829764849e+01
6.348382146829764849e+01
6.348382146829764849e+01
6.367678539632801460e+01
6.367678539632801460e+01
6.395249315089247943e+01
6.414499704938396007e+01
6.457051640078144317e+01
6.467379924828819071e+01
6.467644699007183817e+01
6.467644699007183817e+01
6.491307366347535890e+01
6.522082902047166897e+01
6.522082902047166897e+01
6.554983656503620182e+01
6.593480604476337703e+01
6.605956894006203584e+01
6.622544518936030045e+01
6.657776679797927954e+01
6.661417588543936574e+01
6.674129650623795840e+01
6.705558085345904829e+01
6.734891846294894435e+01
6.734891846294894435e+01
6.734891846294894435e+01
6.734891846294894435e+01
6.771044531635816099e+01
6.771044531635816099e+01
6.775970094417513678e+01
6.820715373642319435e+01
6.836245523589438733e+01
6.844615142929782792e+01
6.890928410147216709e+01
6.934611079997635841e+01
6.970709867713318886e+01
6.996414646643984270e+01
7.032793743159722055e+01
7.032793743159722055e+01
7.088644285485183616e+01
7.088644285485183616e+01
7.117902429444802692e+01
7.149326544568531006e+01
7.171247106821751061e+01
7.192856936595470074e+01
7.204071773926635558e+01
7.214250386731005449e+01
7.247882838262196969e+01
7.280390647684589567e+01
7.280418511251903624e+01
7.297752305925270377e+01
7.316911171472861497e+01
7.350054436118205103e+01
7.400778368679669939e+01
7.427285718932697023e+01
7.438146827834000874e+01
7.438146827834000874e+01
7.467908171395411898e+01
7.506217233476297679e+01
7.576217241131352864e+01
7.576217241131352864e+01
7.576217241131352864e+01
7.601958023429565969e+01
7.676539603924075550e+01
7.706336643080868498e+01
7.706336643080868498e+01
7.718904028210995705e+01
7.742663719272998435e+01
7.742663719272998435e+01
7.755881611964790068e+01
7.760043311952928491e+01
7.815472431932921893e+01
7.845929688235098354e+01
7.897864309768205260e+01
7.900393467302332340e+01
7.968196412681693630e+01
7.985531393938175881e+01
8.023014516432449739e+01
8.045305568495582804e+01
8.051679832465634945e+01
8.051679832465634945e+01
8.068307107946456824e+01
8.095300021505197208e+01
8.112297732181652066e+01
8.135297716548114977e+01
8.135297716548114977e+01
8.143128882410431402e+01
8.143128882410431402e+01
8.156918237734838328e+01
8.181738986840515793e+01
8.181738986840515793e+01
8.202597196310325955e+01
8.219868648420943202e+01
8.225377131207889647e+01
8.247460201430908455e+01
8.253745007020985724e+01
8.253745007020985724e+01
8.286921644995558722e+01
8.299651391188010052e+01
8.307402413887098191e+01
8.307402413887098191e+01
8.328054665371591625e+01
8.331494396092475085e+01
8.344884999438114903e+01
8.367475317000882740e+01
8.367475317000882740e+01
8.383408155586290889e+01
8.405650647939586406e+01
8.454430092300994204e+01
8.456659176474299500e+01
8.484522470759630153e+01
8.484522470759630153e+01
8.507849338689517538e+01
8.507849338689517538e+01
8.527048288771148066e+01
8.540777227871207344e+01
8.585473891062184748e+01
8.585473891062184748e+01
8.628064685117095678e+01
8.676074182786020117e+01
8.705925083427470668e+01
8.735797671931666741e+01
8.735797671931666741e+01
8.771887661197474984e+01
8.786683140323543739e+01
8.788522993145950579e+01
8.803232518107502358e+01
8.819236058812812473e+01
8.827523278380408556e+01
8.876671219826616266e+01
8.912674170342400259e+01
8.912674170342400259e+01
8.942660086441142653e+01
8.968245562003922089e+01
8.979074279459568686e+01
8.979074279459568686e+01
8.995537316856980681e+01
8.995537316856980681e+01
8.996626236594524073e+01
9.006846188735705994e+01
9.036210567007398708e+01
9.050495035755723450e+01
9.053935627531569708e+01
9.058982096595114797e+01
9.077178708302861310e+01
9.103682144761391726e+01
9.156437185731685702e+01
9.162086674598569402e+01
9.175360241077221701e+01
9.230488634935551318e+01
9.230488634935551318e+01
9.230488634935551318e+01
9.268649134178082249e+01
9.311575334087342526e+01
9.325107004338337902e+01
9.359632379768325450e+01
9.376752563014818520e+01
9.376752563014818520e+01
9.395393548559425767e+01
9.395393548559425767e+01
9.395393548559425767e+01
9.412402340810422174e+01
9.412402340810422174e+01
9.428928433031627776e+01
9.434110970820577791e+01
9.471341763506669054e+01
9.471341763506669054e+01
9.471341763506669054e+01
9.524164872163406415e+01
9.541715446791806698e+01
9.585449031604684933e+01
9.637202163830809809e+01
9.678241677187443770e+01
9.694680131515038113e+01
9.736689607667264568e+01
9.742752497443268567e+01
9.751818986820711643e+01
9.802129240149261591e+01
9.834748116302428400e+01
9.856359138918345764e+01
9.876779456058983442e+01
9.880761581141705108e+01
9.880761581141705108e+01
9.898343411911514522e+01
9.928555454666347657e+01
9.951418644505024247e+01
1.000330427341251323e+02
1.001955410470852286e+02
1.005865294493617341e+02
1.006996605643976608e+02
1.008927706273313305e+02
1.010326818083890856e+02
1.014733815631252156e+02
1.020271639677868620e+02
1.023481007370837261e+02
1.026199219919850520e+02
1.027394708565104651e+02
1.030250057616993473e+02
1.039563066018080519e+02
1.045931972237287084e+02
1.045931972237287084e+02
1.046052626048076490e+02
1.053319012269254955e+02
1.055766742811518526e+02
1.057636025257185963e+02
1.057982042294609926e+02
1.057982042294609926e+02
1.061821839366462115e+02
1.061821839366462115e+02
1.061821839366462115e+02
1.066077069683852301e+02
1.069221575444226033e+02
1.071172374798196643e+02
1.073274324123683954e+02
1.076204912348546827e+02
1.080456931849397080e+02
1.083561862667635438e+02
1.087287811874866321e+02
1.089059858326013739e+02
1.091316604803852215e+02
1.091316604803852215e+02
1.093164204170198985e+02
1.094582194764044090e+02
1.094897397300827606e+02
1.099317803469857182e+02
1.104473186890365355e+02
1.104473186890365355e+02
1.106056313437135969e+02
1.106056313437135969e+02
1.106056313437135969e+02
1.106056313437135969e+02
1.111205206340669349e+02
1.114200734676357882e+02
1.116402242678340997e+02
1.118292641021133846e+02
1.122028450435092708e+02
1.127449402825106830e+02
1.127449402825106830e+02
1.130306509879546866e+02
1.133692018134026540e+02
1.133692018134026540e+02
1.135997012998382587e+02
1.138538013003179827e+02
1.142639368328666620e+02
1.142639368328666620e+02
1.143268096073205697e+02
1.145153667176482628e+02
1.146504525779194239e+02
1.148732383394324614e+02
1.154562646144160567e+02
1.157639890009073298e+02
1.157639890009073298e+02
1.158345815856348509e+02
1.158345815856348509e+02
1.158716201993529751e+02
1.163973369544893046e+02
1.164204341289963907e+02
1.164204341289963907e+02
1.166433295047884968e+02
1.169675375305514535e+02
1.169675375305514535e+02
1.170696223086506649e+02
1.172973996825860183e+02
1.173104825463039731e+02
1.173358686041794954e+02
1.174340231049932441e+02
1.174340231049932441e+02
1.180295554738342787e+02
1.183100777152111931e+02
1.185627925592938396e+02
1.186426049638150033e+02
1.188647567303912211e+02
1.192927468489704239e+02
1.195986224453718449e+02
1.195986224453718449e+02
1.197738299312327115e+02
1.202320249159278944e+02
1.202320249159278944e+02
1.208076780438685489e+02
1.210957102115922623e+02
1.210957102115922623e+02
1.210957102115922623e+02
1.215510298286850599e+02
1.215727050395851450e+02
1.219487479514753829e+02
1.224743392577578334e+02
1.224743392577578334e+02
1.228758503494697294e+02
1.230695073273106175e+02
1.234973270525970435e+02
1.235646085681164692e+02
1.236408156973632089e+02
1.236408156973632089e+02
1.238848749040805046e+02
1.241290503256682598e+02
1.244870898595073641e+02
1.249017261094065532e+02
1.253879590359810692e+02
1.256303689490391378e+02
1.260429352465053228e+02
1.266766960558316981e+02
1.267050220708897115e+02
1.268425577942611113e+02
1.269948647267176511e+02
1.270141636115151016e+02
1.273552224548448635e+02
1.275889028698532428e+02
1.275889028698532428e+02
1.277279471108786737e+02
1.279911813887437972e+02
1.281840797639746370e+02
1.281840797639746370e+02
1.284802328907287006e+02
1.290959596867627113e+02
1.292590137617280277e+02
1.292590137617280277e+02
1.294674527407949824e+02
1.294847718404629120e+02
1.296284622514703528e+02
1.297781066461920716e+02
1.302391962000713477e+02
1.302391962000713477e+02
1.303372188705737926e+02
1.303372188705737926e+02
1.303372188705737926e+02
1.309948152988254151e+02
1.311589140715398401e+02
1.317112147985051820e+02
1.317938283671907698e+02
1.317938283671907698e+02
1.317938283671907698e+02
1.317938283671907698e+02
1.317938283671907698e+02
1.320721444625684455e+02
1.320721444625684455e+02
1.322551816653345043e+02
1.324257845051445202e+02
1.324257845051445202e+02
1.328816598339752488e+02
1.329898095974421324e+02
1.334484968731591721e+02
1.339149593606457529e+02
1.344187339134616934e+02
1.345531023608033649e+02
1.345531023608033649e+02
1.349153317508940404e+02
1.351387133084556638e+02
1.353231348638754810e+02
1.355596814647311703e+02
1.357153837832843521e+02
1.359230489027333988e+02
1.362316933023881234e+02
1.362316933023881234e+02
1.364596383981660779e+02
1.367314851438253527e+02
1.370421165797956178e+02
1.375631318844431519e+02
1.377095632715326019e+02
1.380225901060718456e+02
1.384394962597507970e+02
1.389995101928882093e+02
1.391264727866433759e+02
1.397523654849177603e+02
1.402021045062990652e+02
1.406596249781460699e+02
1.410438559982740401e+02
1.414790306675047589e+02
1.421649568349369872e+02
1.425731377986451207e+02
1.429999160373316727e+02
1.432296991217459663e+02
1.434480520910290693e+02
1.434480520910290693e+02
1.437501873066549933e+02
1.437501873066549933e+02
1.438506292854632704e+02
1.442365380371761603e+02
1.442738042219010026e+02
1.445266557070955002e+02
1.446473373027884293e+02
1.446473373027884293e+02
1.452105041432637620e+02
1.457051456405219199e+02
1.461282794279186135e+02
1.463758653702111587e+02
1.467344829502064556e+02
1.467344829502064556e+02
1.472946803848786601e+02
1.472946803848786601e+02
1.474162942844660336e+02
1.474426263518440123e+02
1.476892684899001722e+02
1.477978407958735829e+02
1.480643565794356391e+02
1.485599304065355568e+02
1.485650489688758285e+02
1.488771632879182221e+02
1.488771632879182221e+02
1.488771632879182221e+02
1.494148520858920506e+02
1.494148520858920506e+02
1.494148520858920506e+02
1.496163496556827397e+02
1.496163496556827397e+02
1.496163496556827397e+02
1.498862311637326172e+02
1.498862311637326172e+02
1.501897738997823808e+02
1.503234767376949037e+02
1.504974473515517559e+02
1.504974473515517559e+02
1.511429088754075281e+02
1.513052533634106851e+02
1.514527841417309446e+02
1.518302640239085122e+02
1.518302640239085122e+02
1.520954239587868528e+02
1.523852165295067209e+02
1.527069746370542020e+02
1.530865367862849382e+02
1.530865367862849382e+02
1.531025917720824054e+02
1.534216391541259554e+02
1.537516320421517548e+02
1.542803596905052359e+02
1.546036523110378766e+02
1.546036523110378766e+02
1.548567803652283317e+02
1.549792287800480324e+02
1.552513598853514338e+02
1.552513598853514338e+02
1.552513598853514338e+02
1.555145440903440601e+02
1.555145440903440601e+02
1.558703638846378112e+02
1.558703638846378112e+02
1.558703638846378112e+02
1.559285434487906628e+02
1.560057686235463450e+02
1.563517307805604162e+02
1.563517307805604162e+02
1.564791008981846403e+02
1.568855165195248844e+02
1.568855165195248844e+02
1.569039446619517548e+02
1.571914673879788609e+02
1.573878005517194083e+02
1.576808144921705548e+02
1.578070090437645092e+02
1.578093397390811674e+02
1.582200220901404748e+02
1.582200220901404748e+02
1.582200220901404748e+02
1.583763529058556969e+02
1.585454463981415643e+02
1.587927680490393527e+02
1.587927680490393527e+02
1.589976868938537109e+02
1.591241029289153062e+02
1.595618805565556784e+02
1.598297002335628179e+02
1.601058995144587698e+02
1.601058995144587698e+02
1.602372072197730120e+02
1.605747891458672996e+02
1.610911044476690108e+02
1.611245325236532153e+02
1.612574102426527247e+02
1.615884951301374315e+02
1.617916405246721183e+02
1.618148841437440808e+02
1.618931881179702259e+02
1.618931881179702259e+02
1.618931881179702259e+02
1.620587908133486508e+02
1.623243844377087726e+02
1.623243844377087726e+02
1.623243844377087726e+02
1.627275476975983111e+02
1.627275476975983111e+02
1.631952362247529038e+02
1.635414248841640870e+02
1.635900703306645880e+02
1.640007143035838340e+02
1.641531701036504387e+02
1.642434627103942546e+02
1.645903471175599009e+02
1.649251010111177322e+02
1.654895042386425530e+02
1.654895042386425530e+02
1.657562006045378951e+02
1.660235968304359915e+02
1.660235968304359915e+02
1.660241094538473874e+02
1.661879522484583163e+02
1.667887964403951742e+02
1.667887964403951742e+02
1.671914192727192585e+02
1.677402910880137767e+02
1.677402910880137767e+02
1.680339258101515725e+02
1.686988190804032115e+02
1.687045396881812280e+02
1.687045396881812280e+02
1.687045396881812280e+02
1.691846510471898739e+02
1.691846510471898739e+02
1.691846510471898739e+02
1.692093504783110802e+02
1.695123393671372298e+02
1.695123393671372298e+02
1.703158536264300267e+02
1.707887287338053852e+02
1.707887287338053852e+02
1.708447217253218184e+02
1.708447217253218184e+02
1.708447217253218184e+02
1.713237540766421318e+02
1.715035672449176900e+02
1.715996719837415867e+02
1.717220629704671921e+02
1.721671942002740536e+02
1.723725902445039537e+02
1.723725902445039537e+02
1.725183716668900615e+02
1.728480073964867358e+02
1.736401802419661067e+02
1.736401802419661067e+02
1.737474756988006277e+02
1.740509834415933312e+02
1.740509834415933312e+02
1.742447924456686223e+02
1.743641662589041914e+02
1.745505489261385890e+02
1.745505489261385890e+02
1.746750969060192062e+02
1.749422156293694854e+02
1.750969360513030324e+02
1.750969360513030324e+02
1.752207745794452194e+02
1.752207745794452194e+02
1.752207745794452194e+02
1.753073524441226425e+02
1.753836743771741737e+02
1.754272661442088861e+02
1.754478093047963796e+02
1.756868710704196701e+02
1.758872395615652522e+02
1.759919122333138262e+02
1.763215670578888989e+02
1.763215670578888989e+02
1.763686219492595342e+02
1.765593369380439412e+02
1.765593369380439412e+02
1.765593369380439412e+02
1.766956109339737964e+02
1.770928533419663893e+02
1.772175312594962406e+02
1.775316138376000197e+02
1.775316138376000197e+02
1.778145045704690688e+02
1.778145045704690688e+02
1.778145045704690688e+02
1.781059005856254203e+02
1.781059005856254203e+02
1.781059005856254203e+02
1.785799896815896659e+02
1.787292334121530644e+02
1.789969469383467242e+02
1.792576023404981811e+02
1.796118844420865628e+02
1.796598975082096104e+02
1.797959322358678378e+02
1.797959322358678378e+02
1.798368989687903650e+02
1.800088231070249947e+02
1.805124061412967649e+02
1.805124061412967649e+02
1.805488522598373891e+02
1.806486479094771198e+02
1.810021599910316752e+02
1.811468116547436296e+02
1.812798367954821686e+02
1.813643042398664136e+02
1.814977579441247713e+02
1.815221668721736705e+02
1.819193421872574561e+02
1.819193421872574561e+02
1.819805904654320727e+02
1.819805904654320727e+02
1.820820754500407475e+02
1.822873409661486619e+02
1.822873409661486619e+02
1.824052708825262812e+02
1.826169874494561043e+02
1.826169874494561043e+02
1.828693530200722535e+02
1.830881837944722577e+02
1.830881837944722577e+02
1.832395739749474330e+02
1.833152978085076370e+02
1.833658410808179724e+02
1.836102994152954011e+02
1.836102994152954011e+02
1.837658263179140476e+02
1.837658263179140476e+02
1.838641539163173491e+02
1.840913152881520034e+02
1.842548318902100846e+02
1.844618885525200938e+02
1.844618885525200938e+02
1.844618885525200938e+02
1.848081085663454814e+02
1.848081085663454814e+02
1.848645872515952249e+02
1.848645872515952249e+02
1.849137483520784428e+02
1.849741933497045352e+02
1.850803357203716359e+02
1.853713862005344595e+02
1.853897141645292379e+02
1.855228781647037692e+02
1.859252293892524790e+02
1.859252293892524790e+02
1.860602848198926438e+02
1.862572677020685603e+02
1.862572677020685603e+02
1.866148319193180782e+02
1.867493948075313597e+02
1.867493948075313597e+02
1.867493948075313597e+02
1.871681310045370026e+02
1.871681310045370026e+02
1.871681310045370026e+02
1.871681310045370026e+02
1.871681310045370026e+02
1.872969723914406757e+02
1.872969723914406757e+02
1.872969723914406757e+02
1.872969723914406757e+02
1.876155807338521981e+02
1.876155807338521981e+02
1.879011177839381901e+02
1.881502102577244671e+02
1.881559286153166681e+02
1.884806354032403704e+02
1.887209057387671578e+02
1.888186745416299175e+02
1.889759764191913973e+02
1.889759764191913973e+02
1.891955738866336958e+02
1.893485085895640339e+02
1.895413162442307566e+02
1.895413162442307566e+02
1.899185975051489663e+02
1.899185975051489663e+02
1.901075029703655161e+02
1.902358116237988668e+02
1.903244704551514985e+02
1.904084660808668445e+02
1.905454969005188843e+02
1.906593831241692669e+02
1.906593831241692669e+02
1.907470878082470449e+02
1.907778900738973675e+02
1.907778900738973675e+02
1.907778900738973675e+02
1.910956957727630368e+02
1.910956957727630368e+02
1.911556365781073055e+02
1.913475078686471420e+02
1.915244536599782066e+02
1.915244536599782066e+02
1.915244536599782066e+02
1.918583269448444071e+02
1.918583269448444071e+02
1.918583269448444071e+02
1.918583269448444071e+02
1.919397031467084389e+02
