1.325393164992354489e-01
3.874880365294368634e-01
4.599138928666850479e-01
1.253057123587806077e+00
1.487854818955482328e+00
2.005525842503015799e+00
2.765210644596223677e+00
3.429005299991272793e+00
3.831305365209856095e+00
4.631048960905573608e+00
5.075949282521761141e+00
5.794205960939768474e+00
6.494641114654165825e+00
6.999394001027027024e+00
7.795529562958031455e+00
8.361651766819960585e+00
9.005505394087478521e+00
9.593232365802421668e+00
1.042831856030531235e+01
1.076095914072774029e+01
1.127714775642255063e+01
1.159001604595573554e+01
1.225194206897081450e+01
1.278144179558996463e+01
1.296030484353724788e+01
1.364147535566232428e+01
1.459342136101370890e+01
1.531646484348369697e+01
1.545639359510895972e+01
1.586898723746313067e+01
1.604366359450063229e+01
1.630228322361855930e+01
1.708227950116480542e+01
1.774864302536712302e+01
1.820650169779127125e+01
1.874382083845453906e+01
1.938205498075190292e+01
1.969371536498960396e+01
2.019904407934123824e+01
2.108910459017297256e+01
2.177229367639338520e+01
2.182990068975475140e+01
2.201326910942293935e+01
2.257216781278779649e+01
2.316966145580136782e+01
2.342438481969100295e+01
2.388720075035365653e+01
2.417020495293612470e+01
2.437908546687246769e+01
2.474542760641169536e+01
2.535990718242073072e+01
2.562159525792391790e+01
2.568410217512656857e+01
2.606120935261652605e+01
2.670847846109966639e+01
2.715707449575352328e+01
2.748746118886137069e+01
2.776451335230853701e+01
2.837674049492992978e+01
2.848162719090905171e+01
2.877846033245798552e+01
2.933634591781208201e+01
2.942418295279806273e+01
2.982649578315614747e+01
3.034042852341454477e+01
3.100510714689962910e+01
3.110933316120688374e+01
3.127260465669765566e+01
3.136311620111016651e+01
3.155401598283180320e+01
3.176565525184847516e+01
3.210769031539078355e+01
3.251301635282184321e+01
3.251301635282184321e+01
3.251301635282184321e+01
3.342677443679104243e+01
3.398345707199125343e+01
3.398345707199125343e+01
3.445862975172488518e+01
3.480497960425403647e+01
3.533482278574830815e+01
3.577613290041378491e+01
3.621878063020576377e+01
3.648380842611717867e+01
3.686092825227540715e+01
3.765227260164054002e+01
3.781796840726065767e+01
3.781796840726065767e+01
3.826491269208727175e+01
3.846713530031672690e+01
3.910876611293080884e+01
3.946897005593226027e+01
3.976551882012309846e+01
4.007446311338449618e+01
4.051118778992039182e+01
4.105344354320011746e+01
4.158451313686156681e+01
4.200722308559132756e+01
4.238590374468994781e+01
4.296071583024575347e+01
4.310480985659103226e+01
4.347377051374392920e+01
4.375106510861265008e+01
4.375106510861265008e+01
4.437266936653625038e+01
4.483665055123088905e+01
4.556542059485355622e+01
4.566393550527626388e+01
4.602599252818581022e+01
4.615458069689204024e+01
4.615458069689204024e+01
4.623569529953558543e+01
4.690362784148895514e+01
4.730502759672488367e+01
4.760464900354087092e+01
4.762985346711779755e+01
4.785896398622966785e+01
4.812447752602710693e+01
4.821510946024148581e+01
4.890504102797775943e+01
4.951589594852758580e+01
4.982827959594013123e+01
5.031861325576122823e+01
5.061638544822633179e+01
5.075603124959171453e+01
5.136456586799329926e+01
5.162884609905098188e+01
5.227567314206471849e+01
5.238740934071580568e+01
5.275682432866116756e+01
5.334003063628023256e+01
5.334003063628023256e+01
5.334003063628023256e+01
5.347277845819613873e+01
5.382864530183209695e+01
5.427407428080424268e+01
5.429006188989618664e+01
5.473216001920466312e+01
5.500463515796970881e+01
5.549693256224058757e+01
5.613485530931707501e+01
5.641746545103458033e+01
5.687194034612264915e+01
5.701392641673768225e+01
5.719995626123342447e+01
5.758559351414291427e+01
5.785180645113718612e+01
5.794018101754537042e+01
5.822350615733781609e+01
5.843328893981302485e+01
5.870037485471578265e+01
5.904483236266447221e+01
5.904483236266447221e+01
5.911382240409319166e+01
5.911382240409319166e+01
5.911382240409319166e+01
5.963958268259173678e+01
5.976110250297696780e+01
6.019858664244583224e+01
6.028194574281467766e+01
6.073801740812019290e+01
6.171037649993267138e+01
6.171037649993267138e+01
6.178890993251607711e+01
6.189761113540142645e+01
6.222522017932486449e+01
6.236679425542110522e+01
6.277194539062605116e+01
6.307983564103468410e+01
6.400947836050264073e+01
6.419973474396873314e+01
6.468319180910881983e+01
6.524500606578175166e+01
6.526679565614939804e+01
6.556171107135322984e+01
6.590026674693083919e+01
6.620240004828978897e+01
6.620240004828978897e+01
6.632557445545832309e+01
6.649463530498863406e+01
6.710953834910243643e+01
6.746279588872475586e+01
6.746279588872475586e+01
6.771741619100936305e+01
6.820261355724099417e+01
6.858447020116460635e+01
6.867333983294533084e+01
6.893849759850270686e+01
6.902200039119621522e+01
6.928344226549752705e+01
6.966744595386050776e+01
7.009894377063184834e+01
7.079516060898021124e+01
7.139406621184626545e+01
7.154479025384249269e+01
7.186697767068966414e+01
7.198208064136557027e+01
7.200222552838603463e+01
7.200222552838603463e+01
7.239552573538651359e+01
7.239552573538651359e+01
7.274128230132302519e+01
7.281664333843743009e+01
7.342934251232830434e+01
7.342934251232830434e+01
7.342934251232830434e+01
7.342934251232830434e+01
7.342934251232830434e+01
7.353001914908612946e+01
7.398409750853227251e+01
7.433973740905830141e+01
7.470991303454417221e+01
7.501328010764582643e+01
7.516017066942767144e+01
7.574592453634787148e+01
7.593350952734704151e+01
7.593350952734704151e+01
7.593350952734704151e+01
7.612184385943571385e+01
7.634044951795675615e+01
7.674422806829073807e+01
7.695390894648876667e+01
7.695390894648876667e+01
7.702160372156163248e+01
7.743488774098791794e+01
7.772476065770720766e+01
7.800310760050864189e+01
7.865157923869887213e+01
7.878955339647554013e+01
7.878955339647554013e+01
7.913484680349014866e+01
7.974590179688503611e+01
7.978081904436356808e+01
8.020756775371454239e+01
8.029478147169875513e+01
8.087994012047990111e+01
8.117340172066231219e+01
8.144885672145636590e+01
8.178962275408213145e+01
8.196947867190031900e+01
8.228289647671842033e+01
8.301066618982433454e+01
8.322164241288965059e+01
8.367084377229915049e+01
8.376810822396078038e+01
8.411842916751561461e+01
8.413362464244244165e+01
8.460951080035029293e+01
8.518737400758728029e+01
8.569831159287174671e+01
8.623946409429345294e+01
8.651202778570811347e+01
8.673878505859140375e+01
8.702323661822715906e+01
8.725036897246990009e+01
8.773082723722122012e+01
8.819230069161753249e+01
8.844398570963447526e+01
8.869949386806118241e+01
8.922086207316387174e+01
8.955171120499056769e+01
8.993506048318809576e+01
9.018230252756893606e+01
9.073079680170181405e+01
9.108520232131111527e+01
9.177834515872129373e+01
9.198929695356805780e+01
9.252119469934396534e+01
9.256110815129808600e+01
9.300959130462572944e+01
9.347279305578254593e+01
9.359806543197197470e+01
9.371712880887996278e+01
9.371712880887996278e+01
9.423871411941114218e+01
9.423871411941114218e+01
9.472978793226855032e+01
9.521847453319170995e+01
9.589914709037256557e+01
9.596412230071977945e+01
9.616449231906818795e+01
9.659997429495071231e+01
9.729296804631667328e+01
9.765383108448736493e+01
9.801831970824130735e+01
9.857221180065144495e+01
9.903566172448023508e+01
9.938049046825916832e+01
1.001527286540677579e+02
1.005666598116129364e+02
1.011447596371668283e+02
1.016129957977717169e+02
1.019394062679589723e+02
1.019394062679589723e+02
1.021612710093808118e+02
1.025891915357073998e+02
1.030145562975771867e+02
1.033638459150357392e+02
1.039950260531743851e+02
1.042246764606386478e+02
1.047319712591300913e+02
1.048095195269290940e+02
1.051458292036935944e+02
1.056780255228097190e+02
1.063924912007877737e+02
1.065416628538844321e+02
1.069323139888954728e+02
1.069484783858317343e+02
1.070535656089770953e+02
1.074340108593476515e+02
1.081289162463482256e+02
1.084941157338268596e+02
1.085597010537097873e+02
1.087202051044665296e+02
1.091627869941267903e+02
1.095597708865809068e+02
1.097615413194735510e+02
1.098798726281587363e+02
1.102036126011843891e+02
1.107319710467481428e+02
1.110783159467998189e+02
1.113705440136213554e+02
1.117630503053071607e+02
1.121861966662584251e+02
1.126469796095524032e+02
1.129292980504663433e+02
1.129415317876824219e+02
1.134647070552721146e+02
1.139224154749566793e+02
1.143963396523819966e+02
1.144690597861963681e+02
1.147636782558757602e+02
1.148442522214026980e+02
1.148442522214026980e+02
1.150327214077571085e+02
1.152368859821103229e+02
1.152713430569312010e+02
1.154945550358572035e+02
1.160600473224362901e+02
1.162668286510851772e+02
1.165851344602137374e+02
1.165851344602137374e+02
1.166102426334013131e+02
1.166102426334013131e+02
1.166168939461734908e+02
1.167239555223484189e+02
1.172348797003653544e+02
1.172741253593902826e+02
1.174771379658035215e+02
1.178814483019795603e+02
1.181333531894506450e+02
1.181333531894506450e+02
1.181333531894506450e+02
1.181705796769576864e+02
1.183508872503476539e+02
1.184802467992664958e+02
1.184802467992664958e+02
1.184802467992664958e+02
1.184802467992664958e+02
1.186814383237273063e+02
1.190411242749101035e+02
1.190411242749101035e+02
1.191991949680513301e+02
1.193021387994946565e+02
1.193514750436612388e+02
1.193514750436612388e+02
1.193514750436612388e+02
1.194710542944058602e+02
1.195018035885700272e+02
1.195018035885700272e+02
1.199154629850717697e+02
1.199805589146988609e+02
1.199805589146988609e+02
1.199805589146988609e+02
1.203520180820749204e+02
1.206616970823568806e+02
1.206616970823568806e+02
1.207528732309482251e+02
1.208276497454170197e+02
1.211433883879379749e+02
1.211433883879379749e+02
1.212579876408125870e+02
1.214565172133460038e+02
1.216153371343755509e+02
1.216153371343755509e+02
1.216153371343755509e+02
1.216254168647964491e+02
1.216254168647964491e+02
1.216254168647964491e+02
1.217840267394718836e+02
1.219766625096059300e+02
1.220252559825817400e+02
1.220252559825817400e+02
1.220916787963900560e+02
1.221928894872347513e+02
1.221928894872347513e+02
1.222506430496383274e+02
1.224251019572691490e+02
1.225267572127029041e+02
1.225991999908177803e+02
1.225991999908177803e+02
1.225991999908177803e+02
1.225991999908177803e+02
1.228301349577258179e+02
1.229804875119645402e+02
1.229804875119645402e+02
1.231175227096319276e+02
1.232582914003832855e+02
1.234114263749539475e+02
1.234256133822197938e+02
1.236330264382015685e+02
1.236330264382015685e+02
1.236999308582293651e+02
1.237794439459627540e+02
1.239162401493766339e+02
1.239162401493766339e+02
1.239162401493766339e+02
1.239162401493766339e+02
1.239835759378982800e+02
1.239835759378982800e+02
1.241418358100871018e+02
1.241418358100871018e+02
1.241418358100871018e+02
1.241418358100871018e+02
1.241418358100871018e+02
1.243698710096837488e+02
1.243738594432819298e+02
1.243738594432819298e+02
1.244257309976441093e+02
1.244942492706234276e+02
1.244942492706234276e+02
1.246765368899585695e+02
1.246765368899585695e+02
1.246765368899585695e+02
1.246765368899585695e+02
1.246765368899585695e+02
1.246765368899585695e+02
1.247625318321654220e+02
1.247625318321654220e+02
1.247991628505440218e+02
1.249734180754004171e+02
1.252253396055488253e+02
1.254283666669746964e+02
1.254610995170029071e+02
1.254610995170029071e+02
1.256451950138501701e+02
1.256451950138501701e+02
1.258812844336594736e+02
1.258812844336594736e+02
1.258812844336594736e+02
1.258912259627213217e+02
1.258912259627213217e+02
1.258912259627213217e+02
1.258912259627213217e+02
1.259965748574629316e+02
1.261635219994271608e+02
1.262277649250299447e+02
1.264292608021151239e+02
1.264292608021151239e+02
1.264292608021151239e+02
1.264292608021151239e+02
1.266524131519437617e+02
1.266524131519437617e+02
1.270056474433324070e+02
1.270897713386346055e+02
1.271684572776285478e+02
1.273026229464802555e+02
1.273376737671784298e+02
1.275802188547801848e+02
1.275992461605246859e+02
1.276987275973616249e+02
1.276987275973616249e+02
1.276987275973616249e+02
1.276987275973616249e+02
1.280736952028253768e+02
1.280736952028253768e+02
1.280941913364763991e+02
1.283302079621007863e+02
1.283948612845598234e+02
1.284432799736489983e+02
1.284825597175535279e+02
1.285086137024772768e+02
1.285086137024772768e+02
1.285086137024772768e+02
1.285301228048378732e+02
1.286444775080402110e+02
1.286444775080402110e+02
1.289238064964800117e+02
1.290621070116431497e+02
1.293368024626256840e+02
1.293812460493645631e+02
1.293812460493645631e+02
1.293812460493645631e+02
1.294612992282090431e+02
1.295312628736614045e+02
1.295312628736614045e+02
1.295312628736614045e+02
1.295312628736614045e+02
1.295312628736614045e+02
1.295312628736614045e+02
1.295312628736614045e+02
1.297365797895264450e+02
1.297846838189762764e+02
1.297846838189762764e+02
1.299960628910014293e+02
1.300478178139130989e+02
1.301088094960293802e+02
1.301500777523459931e+02
1.301500777523459931e+02
1.301500777523459931e+02
1.303970800035911282e+02
1.304219241479605955e+02
1.304864351950820947e+02
1.304864351950820947e+02
1.306190595664829743e+02
1.306190595664829743e+02
1.307773405490886205e+02
1.307773405490886205e+02
1.309724959584843020e+02
1.309724959584843020e+02
1.311701803073815711e+02
1.311701803073815711e+02
1.311701803073815711e+02
1.311701803073815711e+02
1.314714261055589191e+02
1.315442454226202926e+02
1.315821989220235650e+02
1.315821989220235650e+02
1.315953771337867124e+02
1.315953771337867124e+02
1.315953771337867124e+02
1.315953771337867124e+02
1.315953771337867124e+02
1.316089525972770673e+02
1.316089525972770673e+02
1.316089525972770673e+02
1.316089525972770673e+02
1.316089525972770673e+02
1.318873557741321179e+02
1.318873557741321179e+02
1.321203193748027047e+02
1.321203193748027047e+02
1.323927242563623565e+02
1.324220577373571643e+02
1.324220577373571643e+02
1.324220577373571643e+02
1.325940303708248678e+02
1.325940303708248678e+02
1.325940303708248678e+02
1.325940303708248678e+02
1.327089416993556199e+02
1.327703871021471400e+02
1.328059808972810742e+02
1.330007437529639560e+02
1.332276760157404283e+02
1.332276760157404283e+02
1.332276760157404283e+02
1.335014139904910735e+02
1.335014139904910735e+02
1.336233074165745052e+02
1.336233074165745052e+02
1.336233074165745052e+02
1.336233074165745052e+02
1.336708053376132170e+02
1.340646888210552277e+02
1.340646888210552277e+02
1.340646888210552277e+02
1.340888353181110233e+02
1.340888353181110233e+02
1.340888353181110233e+02
1.345008033960474165e+02
1.346443356319144016e+02
1.349676844638772195e+02
1.349676844638772195e+02
1.349676844638772195e+02
1.349676844638772195e+02
1.351479028351220393e+02
1.351711566514941012e+02
1.353678250838238455e+02
1.353678250838238455e+02
1.354100184346777382e+02
1.354100184346777382e+02
1.354995290507699224e+02
1.356161486663539222e+02
1.357128086821059583e+02
1.358463085418224239e+02
1.358463085418224239e+02
1.358463085418224239e+02
1.358463085418224239e+02
1.359557720560638074e+02
1.360213034695741783e+02
1.361835513826541444e+02
1.362293828673689688e+02
1.362293828673689688e+02
1.362660445327724403e+02
1.363715890492331653e+02
1.364636246295838191e+02
1.364636246295838191e+02
1.364636246295838191e+02
1.364636246295838191e+02
1.365934750104849229e+02
1.365934750104849229e+02
1.365934750104849229e+02
1.368630394494215068e+02
1.369676808470551634e+02
1.373522521415999620e+02
1.375305562609917160e+02
1.375727049394943151e+02
1.377984978284659690e+02
1.377984978284659690e+02
1.377984978284659690e+02
1.382480878076048612e+02
1.382480878076048612e+02
1.386567044919201805e+02
1.386754909399021756e+02
1.387670277127894849e+02
1.389589367906743291e+02
1.389589367906743291e+02
1.389589367906743291e+02
1.391016263360865253e+02
1.391737198018568620e+02
1.392267898621886104e+02
1.392267898621886104e+02
1.392267898621886104e+02
1.392267898621886104e+02
1.393412189687063574e+02
1.393412189687063574e+02
1.394696425102258388e+02
1.396739107101464015e+02
1.396739107101464015e+02
1.397352615754905969e+02
1.397868415081314311e+02
1.397868415081314311e+02
1.398728378368608105e+02
1.398728378368608105e+02
1.398761985371384355e+02
1.398761985371384355e+02
1.399342112740872324e+02
1.400308402828216856e+02
1.400308402828216856e+02
1.400308402828216856e+02
1.403144916382691463e+02
1.406764818028447337e+02
1.409831599219711222e+02
1.409831599219711222e+02
1.409831599219711222e+02
1.413317291113251031e+02
1.413317291113251031e+02
1.416982078198378758e+02
1.416982078198378758e+02
1.416982078198378758e+02
1.418828609058863890e+02
1.418828609058863890e+02
1.418828609058863890e+02
1.418882177368876967e+02
1.420824799947488657e+02
1.424482795830259363e+02
1.427505289265511408e+02
1.428037082629225551e+02
1.430428941008083825e+02
1.430428941008083825e+02
1.430671851290129553e+02
1.433020487363289703e+02
1.433020487363289703e+02
1.433020487363289703e+02
1.433020487363289703e+02
1.436891519827490526e+02
1.439172373394379463e+02
1.439172373394379463e+02
1.441360574768637832e+02
1.441360574768637832e+02
1.441360574768637832e+02
1.444154282359696992e+02
1.444154282359696992e+02
1.444650440094125656e+02
1.447614644901753138e+02
1.450231770972213212e+02
1.451704073748921644e+02
1.453889470781830369e+02
1.454972794248459991e+02
1.454972794248459991e+02
1.458006939594612277e+02
1.459685525591488044e+02
1.459734644799854095e+02
1.459789079316484788e+02
1.459789079316484788e+02
1.461903504285587871e+02
1.462185359301784047e+02
1.464841812119933593e+02
1.464841812119933593e+02
1.464841812119933593e+02
1.464841812119933593e+02
1.464841812119933593e+02
1.464841812119933593e+02
1.468331769739043011e+02
1.468834365424534667e+02
1.468834365424534667e+02
1.471782321177231836e+02
1.471782321177231836e+02
1.471782321177231836e+02
1.472889590523075469e+02
1.473544002606776075e+02
1.473544002606776075e+02
1.474543543748865488e+02
1.474543543748865488e+02
1.474543543748865488e+02
1.474543543748865488e+02
1.475381619924401093e+02
1.477558491684094690e+02
1.478091208388284770e+02
1.480360286565329488e+02
1.480360286565329488e+02
1.481907908485862038e+02
1.481907908485862038e+02
1.481907908485862038e+02
1.481907908485862038e+02
1.483768863121184438e+02
1.483768863121184438e+02
1.485515519542403524e+02
1.485515519542403524e+02
1.486253726687729966e+02
1.487651052516554842e+02
1.487651052516554842e+02
1.487651052516554842e+02
1.490090773670232238e+02
1.492263226393907871e+02
1.492263226393907871e+02
1.492263226393907871e+02
1.493880110260521121e+02
1.494412831680384386e+02
1.494412831680384386e+02
1.498783127176222081e+02
1.499721613191904908e+02
1.499804674316714568e+02
1.501938886419015660e+02
1.501938886419015660e+02
1.504373190916780061e+02
1.504373190916780061e+02
1.505283439149291667e+02
1.505283439149291667e+02
1.505283439149291667e+02
1.505874171423321854e+02
1.507244195372170452e+02
1.507244195372170452e+02
1.510109512494440480e+02
1.511139772809958117e+02
1.511139772809958117e+02
1.511139772809958117e+02
1.511139772809958117e+02
1.511139772809958117e+02
1.511139772809958117e+02
1.513057093762631382e+02
1.513057093762631382e+02
1.513057093762631382e+02
1.514077608059733393e+02
1.514077608059733393e+02
1.519486498420807834e+02
1.519486498420807834e+02
1.521839234025709402e+02
1.522482994998285335e+02
1.526103366789072595e+02
1.529219955834383597e+02
1.532214103505446019e+02
1.533426648750144636e+02
1.533426648750144636e+02
1.535828436687054648e+02
1.539418685777328619e+02
1.542184972175299436e+02
1.542184972175299436e+02
1.542184972175299436e+02
1.543743775584616742e+02
1.547078138462662480e+02
1.547078138462662480e+02
1.549880559284485457e+02
1.549880559284485457e+02
1.553477856971920801e+02
1.555161600048662365e+02
1.555161600048662365e+02
1.555161600048662365e+02
1.558149571670776368e+02
1.559502662156953363e+02
1.559502662156953363e+02
1.559800285924601724e+02
1.559800285924601724e+02
1.561156702116517465e+02
1.562602277670629860e+02
1.562602277670629860e+02
1.563685310132878499e+02
1.565929338037154253e+02
1.565929338037154253e+02
1.568403295752183340e+02
1.568403295752183340e+02
1.568738338953884295e+02
1.570298957585434323e+02
1.571701994793263850e+02
1.575011587167589653e+02
1.575011587167589653e+02
1.575011587167589653e+02
1.575011587167589653e+02
1.575939600311087929e+02
1.576589403220629038e+02
1.576589403220629038e+02
1.579327876864713573e+02
1.579327876864713573e+02
1.580067313879863207e+02
1.580067313879863207e+02
1.582365230613049505e+02
1.584383322627521125e+02
1.589170140671177762e+02
1.592075430315258586e+02
1.592075430315258586e+02
1.592602482559619830e+02
1.592602482559619830e+02
1.592602482559619830e+02
1.593237750554811214e+02
1.594010779669697229e+02
1.595197030442517985e+02
1.595204796413581505e+02
1.595204796413581505e+02
1.597533984734919272e+02
1.599213366119918192e+02
1.599620404643059146e+02
1.601560974405318802e+02
1.601560974405318802e+02
1.601560974405318802e+02
1.604144390119713250e+02
1.604144390119713250e+02
1.604144390119713250e+02
1.607506746782595997e+02
1.609501539249268376e+02
1.612329730788693496e+02
1.613082410471382957e+02
1.614813986719807417e+02
1.615378864999711368e+02
1.617263906418562556e+02
1.619857678825430298e+02
1.619857678825430298e+02
1.619857678825430298e+02
1.619857678825430298e+02
1.621850968817955732e+02
1.621850968817955732e+02
1.622678191510837848e+02
1.623867144729084373e+02
1.623867144729084373e+02
1.623867144729084373e+02
1.623946865147628671e+02
1.624663348308764625e+02
1.624663348308764625e+02
1.624663348308764625e+02
1.625024846262708422e+02
1.625024846262708422e+02
1.626986515716203314e+02
1.628326993730186700e+02
1.628326993730186700e+02
1.632156321921611379e+02
1.633863072646756223e+02
1.633863072646756223e+02
1.635657231677747063e+02
1.635657231677747063e+02
1.638371603610509339e+02
1.638371603610509339e+02
1.638631391976505256e+02
1.640945371074973593e+02
1.642132727708062419e+02
1.642587998303318102e+02
1.645741636646388883e+02
1.647658069711027622e+02
1.647658069711027622e+02
1.650129595681047761e+02
1.650129595681047761e+02
1.651809343471106502e+02
1.651809343471106502e+02
1.652480418497191010e+02
1.653396170911667298e+02
1.653826464713564235e+02
1.653826464713564235e+02
1.653826464713564235e+02
1.654195168340864086e+02
1.655294173615939144e+02
1.658508155833637829e+02
1.663073905073884191e+02
1.663073905073884191e+02
1.663073905073884191e+02
1.664480690080547731e+02
1.666522072100495677e+02
1.668511575383569436e+02
1.668839242807843561e+02
1.668991285531797644e+02
1.668991285531797644e+02
1.668991285531797644e+02
1.669272374528795524e+02
1.669272374528795524e+02
1.671414679599175486e+02
1.673091400907347293e+02
1.676213167852093022e+02
1.679748520072762119e+02
1.679748520072762119e+02
1.682410422600009099e+02
1.685364878329769738e+02
1.685364878329769738e+02
1.685364878329769738e+02
1.688345971150558285e+02
1.688345971150558285e+02
1.688345971150558285e+02
1.688345971150558285e+02
1.689909866730273507e+02
1.689909866730273507e+02
1.689909866730273507e+02
1.689909866730273507e+02
1.689909866730273507e+02
1.689909866730273507e+02
1.692249152604101141e+02
1.695657861948579068e+02
1.695657861948579068e+02
1.697339665765152859e+02
1.698976174499560443e+02
1.702862466614050447e+02
1.702862466614050447e+02
1.702862466614050447e+02
1.703079865121716807e+02
1.703079865121716807e+02
1.703276445620848278e+02
1.703276445620848278e+02
1.704336436502865979e+02
1.704336436502865979e+02
1.704664984984068781e+02
1.708464498281053068e+02
1.708464498281053068e+02
1.708464498281053068e+02
1.708649433729110854e+02
1.708649433729110854e+02
1.709401784872462144e+02
1.709401784872462144e+02
1.709731396107754620e+02
1.709731396107754620e+02
1.710799417036226373e+02
1.710799417036226373e+02
1.710799417036226373e+02
1.710799417036226373e+02
1.710799417036226373e+02
1.710799417036226373e+02
1.712451221450026537e+02
1.712451221450026537e+02
1.712655272134697384e+02
1.718466124921854430e+02
1.721773543299495941e+02
1.722605041694490637e+02
1.727833276024968256e+02
1.729672203031480535e+02
1.733907652200840346e+02
1.735712500916268937e+02
1.735712500916268937e+02
1.736315563971428730e+02
1.736598558062481459e+02
1.736598558062481459e+02
1.737350995186486955e+02
1.742822358757625523e+02
1.744204626720613192e+02
1.749351531541283862e+02
1.749351531541283862e+02
1.749702283252010204e+02
1.751370817489937792e+02
1.753013505317005354e+02
1.758078431203117304e+02
1.760071894411400706e+02
1.760071894411400706e+02
1.763116179578969138e+02
1.763148491398369515e+02
1.764749385131694623e+02
1.766375103432985441e+02
1.767927948408958514e+02
1.768037032712414884e+02
1.771281246192386618e+02
1.774544306044001019e+02
1.774544306044001019e+02
1.776596474160210448e+02
1.777337438984848177e+02
1.777337438984848177e+02
1.780601321118545286e+02
1.781039634838226107e+02
1.781039634838226107e+02
1.781039634838226107e+02
1.781039634838226107e+02
1.782992811481819331e+02
1.782992811481819331e+02
1.783547400082292143e+02
1.783616005539066407e+02
1.785309301162506586e+02
1.785309301162506586e+02
1.785309301162506586e+02
1.786175147740974012e+02
1.786276714587840218e+02
1.786276714587840218e+02
1.789247678949788849e+02
1.792320958798680977e+02
1.797418194583924560e+02
1.797418194583924560e+02
1.799822922158760150e+02
1.803579935665103733e+02
1.806076568699217262e+02
