8.774650935205902114e-01
1.060899946183412990e+00
1.488864047249972122e+00
2.085281375981198781e+00
2.491821826489448721e+00
3.241346194988455665e+00
3.648941946259376401e+00
4.155545154315840151e+00
4.545057675979570000e+00
5.108097259176256344e+00
5.679030840836575500e+00
6.043633449089821141e+00
6.244897002940904329e+00
6.912165623578869322e+00
7.020163912816531848e+00
7.415129319490795012e+00
7.899243089467054446e+00
8.535200939138947618e+00
8.791081336282610792e+00
8.942697566385978902e+00
9.278242944948814852e+00
9.857588039934675805e+00
1.036733335852850146e+01
1.067718453522820354e+01
1.095831041265164885e+01
1.097919499678323696e+01
1.158432118324366478e+01
1.214612028112621367e+01
1.275113098527255318e+01
1.337035347372963834e+01
1.383512695198429832e+01
1.428902308842484281e+01
1.492212359203127647e+01
1.545245836485537438e+01
1.603468124955593765e+01
1.661541690594171072e+01
1.719061450340875652e+01
1.816946626604243420e+01
1.838806199042684142e+01
1.884249300572874475e+01
1.884249300572874475e+01
1.941743546174698665e+01
2.025085912696846080e+01
2.060723813118447367e+01
2.094190847329571170e+01
2.150080776227093438e+01
2.201908443424019168e+01
2.248115710375180498e+01
2.253543641103096462e+01
2.284376968966756394e+01
2.334265505329799240e+01
2.387567226112349417e+01
2.440572069430302093e+01
2.498092069669206339e+01
2.537371774327074547e+01
2.592064577611303378e+01
2.632896271249764908e+01
2.695285843765137557e+01
2.714364163981356981e+01
2.759988638093657443e+01
2.783161813378691463e+01
2.814280744195381345e+01
2.814280744195381345e+01
2.880006667017070754e+01
2.880006667017070754e+01
2.888917807557049855e+01
2.929555006496321568e+01
2.982212082904554151e+01
3.008672394016388196e+01
3.023729279920371482e+01
3.023729279920371482e+01
3.037551969872678725e+01
3.071392826365725881e+01
3.071392826365725881e+01
3.082441358403583109e+01
3.155780929543963964e+01
3.161252061296561067e+01
3.213645313411873872e+01
3.259446977340660823e+01
3.305352928292825965e+01
3.331500901913696566e+01
3.342430230483502385e+01
3.381019609120590985e+01
3.411211267233166922e+01
3.427649086954064472e+01
3.427649086954064472e+01
3.431404762706338119e+01
3.450848280438474092e+01
3.505450383616090448e+01
3.509833937655719893e+01
3.539543373762095513e+01
3.539543373762095513e+01
3.561180854274637397e+01
3.561180854274637397e+01
3.592283338083113620e+01
3.629139587643964404e+01
3.631157379781747352e+01
3.645679494575009727e+01
3.646320273959722869e+01
3.674764928752799875e+01
3.674764928752799875e+01
3.680889823208118372e+01
3.702864943402605746e+01
3.702864943402605746e+01
3.728248172603774435e+01
3.744084224944064943e+01
3.775202841819891830e+01
3.775202841819891830e+01
3.775202841819891830e+01
3.800473547861502510e+01
3.800473547861502510e+01
3.833680247647988892e+01
3.859588729027839804e+01
3.898693823593973917e+01
3.898693823593973917e+01
3.923877635653271767e+01
3.934559196104207501e+01
3.958661595160933899e+01
3.968794607683594933e+01
4.015059299302194518e+01
4.019733925165152044e+01
4.019733925165152044e+01
4.023185940245027581e+01
4.047903683084516757e+01
4.092310605132450263e+01
4.099508067502649311e+01
4.121442808286867887e+01
4.148828806633468247e+01
4.150127733186442924e+01
4.186287899424391412e+01
4.186287899424391412e+01
4.216443789995761193e+01
4.216443789995761193e+01
4.240574308394444358e+01
4.248483775479247981e+01
4.278486204786308633e+01
4.278486204786308633e+01
4.339146497166870375e+01
4.346028479103804187e+01
4.357294507034875153e+01
4.394575312968808589e+01
4.433807713961592611e+01
4.449743014113121120e+01
4.461628273212945572e+01
4.498360758882364507e+01
4.534107414819595050e+01
4.539961016905579783e+01
4.539961016905579783e+01
4.559984173502793681e+01
4.559984173502793681e+01
4.569044132930555691e+01
4.594241486794494733e+01
4.622496985042949547e+01
4.667685478147507894e+01
4.706935316230623556e+01
4.720822082569539191e+01
4.728091281984221439e+01
4.740677256639455095e+01
4.771162734761097113e+01
4.783448207948372755e+01
4.823111854761193484e+01
4.866882126777329631e+01
4.888757161136111051e+01
4.900623990911160632e+01
4.916727957456859599e+01
4.964891249799262596e+01
4.964891249799262596e+01
4.964891249799262596e+01
5.021764995905313356e+01
5.047636870828392119e+01
5.096602378938850819e+01
5.122008047481732973e+01
5.133931666707445629e+01
5.133931666707445629e+01
5.172829870088961712e+01
5.172829870088961712e+01
5.186923720101807334e+01
5.186923720101807334e+01
5.212163929707823939e+01
5.212163929707823939e+01
5.230326405146903568e+01
5.274112461286993891e+01
5.289786487049725849e+01
5.289903830106998583e+01
5.334914245836211677e+01
5.364902073083846545e+01
5.372714761034821862e+01
5.424132638332346090e+01
5.445483850446414920e+01
5.471389602043521450e+01
5.510234216643810612e+01
5.570872913605029453e+01
5.574251679615584010e+01
5.595624304695890316e+01
5.622916599551933103e+01
5.644489492433594080e+01
5.669731371778586038e+01
5.688601862151664079e+01
5.688601862151664079e+01
5.688601862151664079e+01
5.695588539795740957e+01
5.730312371223740797e+01
5.769723415524466503e+01
5.778116431924811280e+01
5.791882248077128281e+01
5.802808600168808795e+01
5.807931208605434392e+01
5.863638411705984055e+01
5.892679613536459016e+01
5.932506614387855137e+01
5.949207864935198131e+01
5.956025898901479820e+01
6.026329235292868702e+01
6.046701158214649041e+01
6.085522679985675865e+01
6.085522679985675865e+01
6.085522679985675865e+01
6.088212630113562795e+01
6.088212630113562795e+01
6.088212630113562795e+01
6.109234156739954358e+01
6.130150562450879903e+01
6.158269046990692175e+01
6.169561819971897876e+01
6.169561819971897876e+01
6.170739912094579438e+01
6.186024620396994322e+01
6.193117126520557036e+01
6.193117126520557036e+01
6.203472397936850058e+01
6.241458423948897405e+01
6.261811242653247689e+01
6.261811242653247689e+01
6.268629973325887761e+01
6.292592245756856073e+01
6.292592245756856073e+01
6.309758592544513789e+01
6.309758592544513789e+01
6.315360627327265064e+01
6.338027023649388525e+01
6.350075473915408253e+01
6.350075473915408253e+01
6.354241168494297654e+01
6.393488546500277891e+01
6.404031166942324660e+01
6.465676626098164093e+01
6.465676626098164093e+01
6.498023310319278778e+01
6.539364633367395641e+01
6.550024552010360424e+01
6.603858898425734480e+01
6.603858898425734480e+01
6.613591154842929143e+01
6.617831800188689328e+01
6.642869262978689449e+01
6.682449654545612816e+01
6.702948382794895110e+01
6.725067390503804177e+01
6.725067390503804177e+01
6.727698344923102525e+01
6.727698344923102525e+01
6.727698344923102525e+01
6.760488173797804734e+01
6.765551272876943756e+01
6.798945168805731498e+01
6.820363446243788985e+01
6.820363446243788985e+01
6.820363446243788985e+01
6.820363446243788985e+01
6.822036148653499765e+01
6.822036148653499765e+01
6.842539868053928842e+01
6.855847186077714639e+01
6.855847186077714639e+01
6.873552447893793271e+01
6.878611133331258998e+01
6.878611133331258998e+01
6.906052245991268990e+01
6.906052245991268990e+01
6.947223044612259457e+01
6.964174999592370341e+01
7.001446581766820998e+01
7.021087575272743209e+01
7.067031087254549959e+01
7.077702176277334445e+01
7.077702176277334445e+01
7.122017813398801422e+01
7.137964970856252478e+01
7.160525739897251185e+01
7.205521875666104847e+01
7.244858973073480968e+01
7.244858973073480968e+01
7.284771135597000580e+01
7.313134675793463657e+01
7.325741155776229618e+01
7.381934005437200597e+01
7.381934005437200597e+01
7.392114103942159886e+01
7.426479264451680251e+01
7.429625487110041604e+01
7.429625487110041604e+01
7.431678901022726791e+01
7.459901263020698536e+01
7.460527351383953487e+01
7.460527351383953487e+01
7.460527351383953487e+01
7.479629544478810033e+01
7.489588996005865340e+01
7.518524032886725195e+01
7.547167626086708481e+01
7.568464680201968520e+01
7.585228979419488837e+01
7.602261856437878862e+01
7.615592848775625612e+01
7.617370888674192031e+01
7.617370888674192031e+01
7.651518171233276178e+01
7.651518171233276178e+01
7.679461203803016645e+01
7.679461203803016645e+01
7.696740738812182769e+01
7.696740738812182769e+01
7.710169373590630926e+01
7.759213494787154275e+01
7.777516198429509586e+01
7.786987857645839028e+01
7.815396279029472737e+01
7.830184245127742315e+01
7.830184245127742315e+01
7.830184245127742315e+01
7.838884162823632096e+01
7.838884162823632096e+01
7.838884162823632096e+01
7.878677050791081626e+01
7.887503452727925435e+01
7.887503452727925435e+01
7.897030173564024835e+01
7.923938107454486612e+01
7.985193621711293588e+01
7.985193621711293588e+01
8.018027280140888990e+01
8.047871514859049569e+01
8.047871514859049569e+01
8.091977350780530287e+01
8.136534545968852683e+01
8.162200712594581375e+01
8.179840430512771832e+01
8.183990200164119244e+01
8.222970119259998967e+01
8.271265464493194486e+01
8.271265464493194486e+01
8.322614648238698010e+01
8.322614648238698010e+01
8.322614648238698010e+01
8.353407313861016803e+01
8.380217184929772145e+01
8.387764043098249545e+01
8.443648853341586857e+01
8.443648853341586857e+01
8.457408815484581055e+01
8.457408815484581055e+01
8.467275513884773375e+01
8.489215839744440473e+01
8.494531304813993700e+01
8.514403332326004659e+01
8.514403332326004659e+01
8.514403332326004659e+01
8.549962442846154431e+01
8.577906023888692744e+01
8.594904900863471653e+01
8.619420558492356577e+01
8.645722939197621315e+01
8.668585489544493328e+01
8.694102744622223611e+01
8.694102744622223611e+01
8.712801670977923152e+01
8.738030083773811896e+01
8.794005194074948406e+01
8.833052982267531661e+01
8.869185438466666938e+01
8.898597629889498251e+01
8.945628737113609930e+01
8.974117187078857683e+01
8.997918849058750368e+01
8.997918849058750368e+01
9.022543173315079912e+01
9.041531749564072129e+01
9.068617703778799921e+01
9.069501249132922283e+01
9.069501249132922283e+01
9.098242009487894677e+01
9.110016978287404754e+01
9.142939465716553116e+01
9.165801394259759149e+01
9.165801394259759149e+01
9.192847040586089236e+01
9.212059417106787862e+01
9.216815026125718191e+01
9.219666073885488800e+01
9.219666073885488800e+01
9.268629364451287245e+01
9.301171909434818019e+01
9.301171909434818019e+01
9.316080272188230538e+01
9.316080272188230538e+01
9.335431225849751513e+01
9.344305070429837201e+01
9.429554227297690261e+01
9.496710954069577326e+01
9.496710954069577326e+01
9.510904105181927548e+01
9.543936097857213952e+01
9.550136506701771566e+01
9.594952873818503747e+01
9.635314368631996729e+01
9.635314368631996729e+01
9.658538900691162610e+01
9.669899365708953098e+01
9.701049908909611474e+01
9.735584923405349400e+01
9.744766280854700824e+01
9.799020930405151830e+01
9.836549893922781962e+01
9.847254958141587622e+01
9.880680420838041300e+01
9.921620100711943735e+01
9.922886490723310260e+01
9.922886490723310260e+01
9.931751731656328275e+01
9.978547267659718045e+01
9.995721223172407122e+01
9.995721223172407122e+01
9.995721223172407122e+01
9.995721223172407122e+01
1.002854470565838625e+02
1.004761896008186426e+02
1.004761896008186426e+02
1.005799650721818637e+02
1.007196578012912056e+02
1.009123934205544799e+02
1.011561656269145573e+02
1.011932580314324497e+02
1.011932580314324497e+02
1.014809871824562748e+02
1.015219904542602194e+02
1.016033692128447967e+02
1.020977238167727847e+02
1.020977238167727847e+02
1.020977238167727847e+02
1.025160946095736989e+02
1.025160946095736989e+02
1.025285857810374068e+02
1.027633416759731091e+02
1.027633416759731091e+02
1.027633416759731091e+02
1.027633416759731091e+02
1.028597060197188569e+02
1.029266928286419898e+02
1.029310450613925525e+02
1.030406166314387519e+02
1.030544412905944966e+02
1.030544412905944966e+02
1.031324934800305755e+02
1.031324934800305755e+02
1.031324934800305755e+02
1.031324934800305755e+02
1.032691634687995190e+02
1.034529972236415887e+02
1.034529972236415887e+02
1.034802387041221294e+02
1.036760481485830354e+02
1.036760481485830354e+02
1.038590775337655003e+02
1.041209187864021857e+02
1.043969187505641827e+02
1.043969187505641827e+02
1.046038528846460736e+02
1.048201077361685662e+02
1.048357996859085972e+02
1.048927186290238609e+02
1.048927186290238609e+02
1.048927186290238609e+02
1.048927186290238609e+02
1.048927186290238609e+02
1.048927186290238609e+02
1.048927186290238609e+02
1.048927186290238609e+02
1.050283568355076795e+02
1.050283568355076795e+02
1.050283568355076795e+02
1.050283568355076795e+02
1.050283568355076795e+02
1.050283568355076795e+02
1.050403804159373067e+02
1.050403804159373067e+02
1.052205635549703970e+02
1.052762143739021639e+02
1.053635096482915117e+02
1.053635096482915117e+02
1.054879378301394439e+02
1.058071569691417295e+02
1.059373122142606860e+02
1.060076988086243688e+02
1.060076988086243688e+02
1.060076988086243688e+02
1.062527164927200403e+02
1.064851106319503913e+02
1.064851106319503913e+02
1.065558273718245346e+02
1.065558273718245346e+02
1.067461649264145649e+02
1.072319328329100898e+02
1.072319328329100898e+02
1.072757480319575620e+02
1.074120857854406239e+02
1.076798186382370375e+02
1.076798186382370375e+02
1.077783749073089297e+02
1.077783749073089297e+02
1.078296431838639506e+02
1.080206054709501160e+02
1.082815142065070262e+02
1.084918746064634831e+02
1.086342637326978320e+02
1.089888628009158680e+02
1.092281637610315101e+02
1.092445687354297661e+02
1.095456124581512256e+02
1.098721540153464673e+02
1.098721540153464673e+02
1.102470342935689018e+02
1.105104601809566134e+02
1.105104601809566134e+02
1.108076275902501777e+02
1.108813810530744917e+02
1.108813810530744917e+02
1.109242916656514524e+02
1.109242916656514524e+02
1.109242916656514524e+02
1.112234274871723869e+02
1.112737531006034004e+02
1.113232356029827201e+02
1.113232356029827201e+02
1.113622606327972591e+02
1.113622606327972591e+02
1.115567030134589572e+02
1.118917257629288287e+02
1.121109943593228593e+02
1.121109943593228593e+02
1.121522101270886651e+02
1.122911374729249729e+02
1.122911374729249729e+02
1.122911374729249729e+02
1.122911374729249729e+02
1.123721489178866051e+02
1.125160409279784091e+02
1.125160409279784091e+02
1.125160409279784091e+02
1.125357559668713492e+02
1.127887594494964958e+02
1.131400881679147830e+02
1.131400881679147830e+02
1.131400881679147830e+02
1.132690799268926298e+02
1.132690799268926298e+02
1.132690799268926298e+02
1.135742503436668756e+02
1.135758426039739959e+02
1.135758426039739959e+02
1.136001478942915526e+02
1.137008598035079103e+02
1.137008598035079103e+02
1.139060758080714493e+02
1.140811076681877836e+02
1.142469051383500442e+02
1.142469051383500442e+02
1.145049151827598024e+02
1.145049151827598024e+02
1.145213723262711056e+02
1.145213723262711056e+02
1.145213723262711056e+02
1.147834688732198316e+02
1.148857368575211666e+02
1.148857368575211666e+02
1.149486978037359677e+02
1.149735839589412336e+02
1.151590404212596042e+02
1.151590404212596042e+02
1.151590404212596042e+02
1.154258449468957792e+02
1.154258449468957792e+02
1.155492408553661221e+02
1.155492408553661221e+02
1.157629561601866754e+02
1.158721644115983196e+02
1.160029715265211649e+02
1.160029715265211649e+02
1.160563993108606837e+02
1.160563993108606837e+02
1.160563993108606837e+02
1.161042045264958915e+02
1.161042045264958915e+02
1.161042045264958915e+02
1.161042045264958915e+02
1.161042045264958915e+02
1.161042045264958915e+02
1.161042045264958915e+02
1.161376709750440739e+02
1.162153468096640410e+02
1.162153468096640410e+02
1.162971363008497434e+02
1.162971363008497434e+02
1.162971363008497434e+02
1.162971363008497434e+02
1.162971363008497434e+02
1.162971363008497434e+02
1.166731207289084011e+02
1.166731207289084011e+02
1.170630667709762776e+02
1.170630667709762776e+02
1.170630667709762776e+02
1.170630667709762776e+02
1.170630667709762776e+02
1.170630667709762776e+02
1.170630667709762776e+02
1.170630667709762776e+02
1.170630667709762776e+02
1.170630667709762776e+02
1.170630667709762776e+02
1.170630667709762776e+02
1.173572589161136506e+02
1.175616167229054696e+02
1.176398794946331208e+02
1.176398794946331208e+02
1.176398794946331208e+02
1.178232057357011229e+02
1.178232057357011229e+02
1.178232057357011229e+02
1.178232057357011229e+02
1.180280417822589669e+02
1.180280417822589669e+02
1.180280417822589669e+02
1.180280417822589669e+02
1.182899698307301719e+02
1.183214461214957680e+02
1.183214461214957680e+02
1.183214461214957680e+02
1.185116758657445786e+02
1.185116758657445786e+02
1.186689987063112284e+02
1.187487606686133290e+02
1.187487606686133290e+02
1.190505023766759649e+02
1.190505023766759649e+02
1.190513783553240046e+02
1.192110958625053456e+02
1.192110958625053456e+02
1.194193652947957105e+02
1.197172028807906656e+02
1.197740424030255184e+02
1.201175712607636967e+02
1.202402039849144728e+02
1.205960993460796544e+02
1.206673864949007822e+02
1.207578644013836993e+02
1.208033611597184347e+02
1.210538151572269925e+02
1.211424009344343204e+02
1.212988350153395629e+02
1.213469537198947421e+02
1.213469537198947421e+02
1.216135857079885056e+02
1.216135857079885056e+02
1.217124303276273452e+02
1.219644088952467200e+02
1.222653313665029344e+02
1.222653313665029344e+02
1.223394740885377274e+02
1.225989110045100858e+02
1.225989110045100858e+02
1.225989110045100858e+02
1.226265460655295243e+02
1.226379840566623045e+02
1.226379840566623045e+02
1.226379840566623045e+02
1.228504961199747925e+02
1.229364830908751571e+02
1.231557037433966570e+02
1.231557037433966570e+02
1.233643221074623142e+02
1.233643221074623142e+02
1.233735905142636113e+02
1.235420548052547929e+02
1.238436360437032988e+02
1.238436360437032988e+02
1.238799393269838163e+02
1.239822472696037181e+02
1.239834998469005285e+02
1.243086477536341050e+02
1.244358401470499871e+02
1.244358401470499871e+02
1.245244841365859543e+02
1.246757291050269885e+02
1.248798486915436854e+02
1.248798486915436854e+02
1.249108813355275345e+02
1.251049897862035039e+02
1.252564894737283510e+02
1.252577749922198223e+02
1.252577749922198223e+02
1.254416485168042925e+02
1.254974388693435969e+02
1.256456163330869629e+02
1.256456163330869629e+02
1.257800843955268988e+02
1.259280297104015744e+02
1.259280297104015744e+02
1.261731253436653759e+02
1.261731253436653759e+02
1.261731253436653759e+02
1.264727927889303061e+02
1.264727927889303061e+02
1.269703624861083711e+02
1.271628649685719381e+02
1.274463206991220545e+02
1.278353185629981681e+02
1.278353185629981681e+02
1.281596979092295783e+02
1.285559561064664535e+02
1.287380155570374143e+02
1.289137184299643764e+02
1.289137184299643764e+02
1.290341531375746911e+02
1.293903839311502395e+02
1.294439414151146082e+02
1.294695969549668746e+02
1.295288839391158149e+02
1.297350140489317596e+02
1.297350140489317596e+02
1.297350140489317596e+02
1.297350140489317596e+02
1.302186137604873295e+02
1.305926791045806965e+02
1.306058643326541073e+02
1.306058643326541073e+02
1.309408366757280362e+02
1.315731427633621138e+02
1.315731427633621138e+02
1.315731427633621138e+02
1.317416852658573418e+02
1.318513734511424502e+02
1.320197521743930622e+02
1.321389157159732690e+02
1.321389157159732690e+02
1.326270326674461728e+02
1.327909451808110646e+02
1.331930796749331307e+02
1.331930796749331307e+02
1.332882342112987999e+02
1.339756782442191536e+02
1.340866771341270294e+02
1.342811873116945378e+02
1.344930901850444798e+02
1.344930901850444798e+02
1.347034641220609501e+02
1.348369666462008070e+02
1.349972574377246701e+02
1.352974716510150301e+02
1.353521847966031260e+02
1.353521847966031260e+02
1.354224403171347433e+02
1.354551153136536641e+02
1.354551153136536641e+02
1.354551153136536641e+02
1.358004681961752169e+02
1.361442702120263277e+02
1.361442702120263277e+02
1.365096601881494678e+02
1.367051490619635956e+02
1.368212931603035258e+02
1.369483375497511588e+02
1.371810845002465271e+02
1.371810845002465271e+02
1.371810845002465271e+02
1.371810845002465271e+02
1.371810845002465271e+02
1.374602913118210950e+02
1.378044982218115706e+02
1.381030919406778423e+02
1.381030919406778423e+02
1.381030919406778423e+02
1.384768118125778926e+02
1.387068856679215969e+02
1.389898814450238831e+02
1.392035068752251163e+02
1.392035068752251163e+02
1.392035068752251163e+02
1.396363549613733710e+02
1.398934919399760020e+02
1.401259331581939023e+02
1.405798779917915624e+02
1.405798779917915624e+02
1.409568981319666818e+02
1.409568981319666818e+02
1.409807181888573098e+02
1.412984303162021718e+02
1.412984303162021718e+02
1.413287186900914207e+02
1.416247098300895857e+02
1.419317890909354674e+02
1.419317890909354674e+02
1.419317890909354674e+02
1.421585621757005526e+02
1.422879426851180824e+02
1.425792177182823082e+02
1.425792177182823082e+02
1.430450462134813279e+02
1.430450462134813279e+02
1.430450462134813279e+02
1.430780790775083915e+02
1.433291246084536397e+02
1.434731368304601347e+02
1.437533500341717740e+02
1.439452240228955873e+02
1.439452240228955873e+02
1.439452240228955873e+02
1.442398856699379905e+02
1.442398856699379905e+02
1.443095713651651408e+02
1.444771974969765438e+02
1.444771974969765438e+02
1.447522635554664419e+02
1.449903885843640410e+02
1.452832709289894808e+02
1.456798986830004878e+02
1.458361302020228152e+02
1.458361302020228152e+02
1.458361302020228152e+02
1.460470424080084229e+02
1.461402480849571361e+02
1.464859652181583840e+02
1.466175660915951653e+02
1.468891001692363432e+02
1.468891001692363432e+02
1.471143151953934023e+02
1.471143151953934023e+02
1.477982856460184848e+02
1.480316627105362386e+02
1.480316627105362386e+02
1.484515836186254774e+02
1.484515836186254774e+02
1.486354558421355421e+02
1.486354558421355421e+02
1.486354558421355421e+02
1.486596599256081106e+02
1.489035208633501952e+02
1.491753803538324235e+02
1.497918696155322493e+02
1.497918696155322493e+02
1.497918696155322493e+02
1.500327503534128084e+02
1.503565466360726930e+02
1.504507455414249364e+02
1.506275085042885564e+02
1.506983038766626350e+02
1.506983038766626350e+02
1.506983038766626350e+02
1.507325318506972565e+02
1.510739040221419316e+02
1.514512235875625663e+02
1.515171564493490735e+02
1.515171564493490735e+02
1.518858806965731105e+02
1.518858806965731105e+02
1.519581322806917569e+02
1.519581322806917569e+02
1.519789014593147556e+02
1.521004633983142185e+02
1.521004633983142185e+02
1.521004633983142185e+02
1.521004633983142185e+02
1.521004633983142185e+02
1.521261559846682871e+02
1.522159082943529995e+02
1.527642577978140253e+02
1.527943053162974252e+02
1.527943053162974252e+02
1.528454383007791080e+02
1.528454383007791080e+02
1.530164528237029913e+02
1.530164528237029913e+02
1.533442530203973604e+02
1.533442530203973604e+02
1.533442530203973604e+02
1.533442530203973604e+02
1.534590621025412247e+02
1.536287208556134374e+02
1.536287208556134374e+02
1.538106161202494775e+02
1.538512558575008882e+02
1.538512558575008882e+02
1.539354786749680670e+02
1.539699693095117823e+02
1.540215808099756032e+02
1.540430090983159914e+02
1.540430090983159914e+02
1.540430090983159914e+02
1.541114294381995649e+02
1.545230408091447600e+02
1.545230408091447600e+02
1.545579568320827661e+02
1.545579568320827661e+02
1.546463009188995557e+02
1.548491961259901473e+02
1.549626738303745128e+02
1.549626738303745128e+02
1.551912706752908662e+02
1.554569551895728239e+02
1.554569551895728239e+02
1.554569551895728239e+02
1.555970480883422056e+02
1.558216833717308134e+02
1.559396247052951026e+02
1.560410702192262136e+02
1.560410702192262136e+02
1.561616590753930041e+02
1.562821633061252840e+02
1.564331861264494137e+02
1.564331861264494137e+02
1.564331861264494137e+02
1.565838656863295739e+02
1.565838656863295739e+02
1.567196497825677000e+02
1.568157235964912104e+02
1.568751781374304812e+02
1.570640675505337640e+02
1.570640675505337640e+02
1.571026438269734911e+02
1.573158287156414019e+02
1.573925055144526084e+02
1.577118621109463561e+02
1.578877694564461365e+02
1.582955644482063065e+02
1.587263707493364109e+02
1.587795753073712888e+02
1.587795753073712888e+02
1.587795753073712888e+02
1.589795572395220518e+02
1.589795572395220518e+02
1.591093395152120138e+02
1.591093395152120138e+02
1.593657267933333799e+02
1.595797958556718470e+02
1.597737378958718466e+02
1.597737378958718466e+02
1.597737378958718466e+02
1.597737378958718466e+02
1.597737378958718466e+02
1.599055539385603311e+02
1.600083976964770329e+02
1.600362832678154064e+02
1.600362832678154064e+02
1.604697167475282527e+02
1.604697167475282527e+02
1.606656136881803434e+02
1.607604631750078852e+02
1.607604631750078852e+02
1.611563912755426600e+02
1.611563912755426600e+02
1.612686191281570984e+02
1.614933292135659713e+02
1.615440650273957317e+02
1.618694657113908875e+02
1.618694657113908875e+02
1.618694657113908875e+02
1.619346365745646210e+02
1.619407889033123240e+02
1.619407889033123240e+02
1.620584152428309324e+02
1.622443768599871419e+02
1.625482211361024838e+02
1.627867323523530843e+02
1.630561337148905352e+02
1.631764613147108491e+02
1.631764613147108491e+02
1.631764613147108491e+02
1.631764613147108491e+02
1.633874836555120851e+02
1.633874836555120851e+02
1.636106574082994314e+02
1.637221829652940244e+02
1.637221829652940244e+02
1.637221829652940244e+02
1.639215263356097694e+02
1.639536397686809721e+02
1.643183944458837402e+02
1.643673995564738846e+02
1.646528029608318491e+02
1.649387335482567778e+02
1.649612724670007537e+02
