4.140760838430649349e-01
7.586509214257869393e-01
1.585653192198990702e+00
2.344192595608510565e+00
2.660805832470409804e+00
3.063357910621574476e+00
3.449928208031251664e+00
3.952574661693815550e+00
4.244331937769940666e+00
5.037231069781712200e+00
5.465720599830143911e+00
6.176953750222037520e+00
6.719336949438746487e+00
7.407002913507271025e+00
7.889087584170657586e+00
8.698974878772208541e+00
9.424136391282040393e+00
9.424136391282040393e+00
9.991575513144764997e+00
1.033480099969307631e+01
1.073046733735125535e+01
1.073046733735125535e+01
1.083571956771311307e+01
1.119941338649148221e+01
1.183577862911127987e+01
1.205084389994807914e+01
1.259970000679321878e+01
1.305680394372331143e+01
1.331606455672415557e+01
1.331606455672415557e+01
1.366970920665492883e+01
1.370613954722843175e+01
1.403810457378386900e+01
1.445491539189891661e+01
1.515545952293235388e+01
1.613534282408151199e+01
1.652557841466143884e+01
1.699634023188887966e+01
1.706493928547724437e+01
1.750216975286170040e+01
1.756513644546632236e+01
1.808039070421025585e+01
1.843398992462574526e+01
1.879313315011668450e+01
1.892957725144450265e+01
1.940935276296985990e+01
1.940935276296985990e+01
1.988453825565284205e+01
2.031334517537545281e+01
2.081419415351201607e+01
2.124825340752266811e+01
2.153315847977579267e+01
2.171619451961366565e+01
2.226488716418430869e+01
2.231836882893260920e+01
2.303041054731925996e+01
2.324091239539571774e+01
2.371674446691414673e+01
2.436965296347563736e+01
2.481997658348959135e+01
2.519359228269049211e+01
2.557879169567234356e+01
2.633378973403546652e+01
2.694632428919516443e+01
2.705531906617900972e+01
2.742703891550374706e+01
2.768044987613223640e+01
2.797582694593993580e+01
2.810970079136658484e+01
2.868505049435769649e+01
2.904777914170586328e+01
2.972698573095569685e+01
3.004213031160206171e+01
3.055643036644778121e+01
3.055643036644778121e+01
3.055643036644778121e+01
3.102055027774200724e+01
3.139521499248723302e+01
3.155259945247634334e+01
3.201752690500314458e+01
3.228254881891005823e+01
3.268976323878965218e+01
3.318847055020002301e+01
3.378045392200146324e+01
3.414014448616855901e+01
3.470033869459086873e+01
3.530635891455479225e+01
3.585266438501390240e+01
3.636516747230121638e+01
3.666354190103972144e+01
3.686820231802481374e+01
3.751613002441321498e+01
3.773194958045847613e+01
3.842915210919856150e+01
3.893753361747298669e+01
3.903976301490130396e+01
3.937163167285406473e+01
3.954532904283366435e+01
4.020709321046899021e+01
4.041704134688531980e+01
4.087849242167441588e+01
4.139865411898998815e+01
4.175538654627579405e+01
4.209385516348306311e+01
4.272895263022414980e+01
4.297402809849907612e+01
4.345275738312903258e+01
4.360712296986610426e+01
4.381759697346742399e+01
4.381759697346742399e+01
4.428984447249077050e+01
4.497946489086842803e+01
4.539556226337087708e+01
4.573110441109663071e+01
4.607740580392054142e+01
4.678112381677552634e+01
4.682171519959747030e+01
4.735919480280615801e+01
4.749788468047934487e+01
4.796546357065329858e+01
4.815085485634861584e+01
4.841174040090278652e+01
4.852660080946102994e+01
4.865467604804685209e+01
4.905974898145431951e+01
4.936776411778436824e+01
4.990180596660574963e+01
4.994836767231593200e+01
5.027489711704274811e+01
5.027489711704274811e+01
5.067611982211995780e+01
5.105119456220230489e+01
5.116785600736756123e+01
5.116785600736756123e+01
5.132542202831376699e+01
5.167276256934735557e+01
5.171160665731812855e+01
5.186025131717256897e+01
5.186025131717256897e+01
5.212962409599791869e+01
5.212962409599791869e+01
5.272102318769527329e+01
5.313503892486978231e+01
5.350187832914225083e+01
5.362184724617333842e+01
5.374230586654083908e+01
5.397432270125521825e+01
5.419238183907195605e+01
5.433581646049518099e+01
5.476097565137019529e+01
5.520559046432440198e+01
5.559812335857141363e+01
5.605810171729983438e+01
5.660829280101258121e+01
5.662623022352800461e+01
5.704387110695807195e+01
5.711750294846114429e+01
5.744447976897917840e+01
5.769549741924323172e+01
5.806022506501147973e+01
5.852219254604418808e+01
5.884393806267681271e+01
5.967238328220606292e+01
5.993075722189282573e+01
6.060693266966711690e+01
6.071345285178880147e+01
6.084658616461795333e+01
6.154523406770799454e+01
6.154523406770799454e+01
6.154523406770799454e+01
6.213561544347566468e+01
6.247002293812881391e+01
6.275788243897917340e+01
6.329835905272038588e+01
6.375455793620245259e+01
6.433585027076115637e+01
6.496794244570972410e+01
6.504247523222974792e+01
6.504247523222974792e+01
6.534599311858380588e+01
6.556337949562004042e+01
6.556337949562004042e+01
6.560138574369044306e+01
6.560138574369044306e+01
6.590520599859782180e+01
6.597336457875405813e+01
6.654983197823665364e+01
6.710450171363083882e+01
6.735963771068280437e+01
6.776424206813797468e+01
6.802675035686594640e+01
6.852279080072713668e+01
6.884711656856242712e+01
6.942303713101169649e+01
6.956409255597645824e+01
6.995905441977288319e+01
6.995905441977288319e+01
7.054860020141123300e+01
7.104014796608082349e+01
7.124827931182814211e+01
7.191887912833431074e+01
7.193986194947230217e+01
7.223238726894149409e+01
7.236144011653739483e+01
7.326275758675031113e+01
7.383937860733129810e+01
7.421552071292101971e+01
7.454448248041667568e+01
7.454448248041667568e+01
7.454448248041667568e+01
7.454448248041667568e+01
7.464944144833162909e+01
7.509033475708231720e+01
7.548792441106445494e+01
7.587673321036292862e+01
7.607484803454129008e+01
7.670929903863893173e+01
7.742786277777418036e+01
7.779982049902022823e+01
7.871712810109877978e+01
7.906509004148146857e+01
7.943458979359678551e+01
7.962346762905157505e+01
7.996473077975326760e+01
8.023614945351349093e+01
8.044722084989723498e+01
8.074115069099975983e+01
8.122656097586411761e+01
8.177267228214967076e+01
8.209105765414527411e+01
8.275030425819207380e+01
8.332501159324287698e+01
8.379747031646049038e+01
8.434266008143150373e+01
8.495056308320828009e+01
8.511731793505678922e+01
8.529138618614406653e+01
8.571306230776248469e+01
8.598663772933781502e+01
8.661030341612742234e+01
8.731764610613666378e+01
8.770196113242460001e+01
8.809856506310978830e+01
8.867853663317191604e+01
8.902655553962915747e+01
8.926197290830499753e+01
8.953804295783434952e+01
8.981085768505165845e+01
9.041234130551455905e+01
9.057162848863821125e+01
9.155455211839985452e+01
9.163391603871087909e+01
9.219787963924216001e+01
9.303130649459663459e+01
9.319425229220817641e+01
9.319425229220817641e+01
9.345339573516149301e+01
9.359593931731448890e+01
9.436595836835122952e+01
9.493590163002635052e+01
9.565408733359709004e+01
9.608805289637356850e+01
9.608805289637356850e+01
9.643425184499773195e+01
9.709747155087421788e+01
9.748737490600103683e+01
9.777104203315218456e+01
9.804367158923609793e+01
9.815088048038626312e+01
9.838813206076036977e+01
9.859851758186047732e+01
9.889724911164839227e+01
9.953196753862144419e+01
9.982848913479195119e+01
1.003340069188357120e+02
1.006943951063694982e+02
1.011485629185072810e+02
1.014064318814268262e+02
1.016267432839028402e+02
1.019377917802248419e+02
1.025419066080575163e+02
1.028304247717948954e+02
1.028867135481330735e+02
1.031005366011184066e+02
1.033832484473131643e+02
1.034990660610401534e+02
1.039885612811631574e+02
1.044134294636248370e+02
1.050064734951716332e+02
1.052724211802728718e+02
1.055781683344744977e+02
1.062753608699183019e+02
1.066961312308209244e+02
1.068195317122711714e+02
1.072641434110095560e+02
1.078150287867736097e+02
1.078150287867736097e+02
1.082328518210896959e+02
1.086150783038798693e+02
1.089024158831092137e+02
1.089024158831092137e+02
1.091971313246274491e+02
1.095799822966517496e+02
1.098564431683698643e+02
1.098853223440438711e+02
1.100454407068524745e+02
1.106607110849297300e+02
1.110685839397630588e+02
1.118474263572560261e+02
1.118474263572560261e+02
1.122145309267094859e+02
1.126337531466588331e+02
1.130271681508023818e+02
1.130271681508023818e+02
1.135057659039754441e+02
1.135594332085814528e+02
1.137127553542927103e+02
1.143422103100680687e+02
1.143422103100680687e+02
1.145275747641670847e+02
1.146519639686861893e+02
1.151983575558767825e+02
1.151983575558767825e+02
1.152424446909642199e+02
1.155677743845818526e+02
1.159430104914350039e+02
1.164348604702393999e+02
1.166294908765217713e+02
1.166294908765217713e+02
1.169353779884836797e+02
1.169353779884836797e+02
1.170348071356914375e+02
1.174000930386678334e+02
1.178450672286378307e+02
1.181968406231520987e+02
1.185709001203219231e+02
1.187497477333067479e+02
1.187497477333067479e+02
1.191231035280262773e+02
1.193115879529271552e+02
1.193813762448657485e+02
1.200347696882859623e+02
1.200732689704483676e+02
1.202807057302268134e+02
1.207849949227164501e+02
1.207849949227164501e+02
1.212680462247242446e+02
1.213578334550067268e+02
1.213578334550067268e+02
1.218750616068774946e+02
1.222445487679340772e+02
1.222445487679340772e+02
1.227770943740743661e+02
1.229718798411782927e+02
1.232463795511534244e+02
1.242406351036988923e+02
1.244251125419019246e+02
1.247281639043882109e+02
1.247281639043882109e+02
1.252171472214568979e+02
1.252509403304345597e+02
1.255957387673274894e+02
1.255957387673274894e+02
1.258456950599874204e+02
1.264375935607009609e+02
1.265780232163657217e+02
1.268779434440450871e+02
1.271820063134702821e+02
1.272524936012183616e+02
1.277778324035681834e+02
1.280353018845386259e+02
1.280353018845386259e+02
1.283962648686539012e+02
1.286842185965482486e+02
1.287410030128715448e+02
1.292704360194004494e+02
1.292704360194004494e+02
1.300291778772779878e+02
1.303642933879787051e+02
1.305307267012512966e+02
1.308824734897629014e+02
1.315427761303621139e+02
1.320837197992341032e+02
1.320837197992341032e+02
1.326142305527909855e+02
1.334275664501600147e+02
1.336247881262348187e+02
1.340920491946939421e+02
1.343021030768005915e+02
1.343323667099961085e+02
1.344099204353655068e+02
1.344099204353655068e+02
1.345570148131459405e+02
1.345570148131459405e+02
1.345570148131459405e+02
1.345570148131459405e+02
1.345570148131459405e+02
1.349485170601822972e+02
1.352151750272994946e+02
1.354365285401421772e+02
1.356698602487000471e+02
1.357492763248057770e+02
1.363019081361260589e+02
1.365590057713282306e+02
1.366448050183046234e+02
1.371468592505474646e+02
1.374161700522875265e+02
1.374455834347785981e+02
1.374455834347785981e+02
1.374455834347785981e+02
1.374455834347785981e+02
1.375454579583651480e+02
1.376649679830186415e+02
1.379348782302143945e+02
1.382674273239100557e+02
1.384173947790778527e+02
1.386112101034919704e+02
1.388716635894011802e+02
1.395560569774686996e+02
1.396232403475619037e+02
1.396232403475619037e+02
1.402145540358930020e+02
1.406297487320354378e+02
1.406297487320354378e+02
1.407774040322057942e+02
1.410684078812187181e+02
1.410684078812187181e+02
1.412578858398422312e+02
1.415501587197925630e+02
1.417616078281774321e+02
1.422158100498995452e+02
1.422467782629702810e+02
1.423519053475560838e+02
1.423519053475560838e+02
1.423519053475560838e+02
1.424725675272304386e+02
1.427881820983485568e+02
1.427881820983485568e+02
1.431822250138343975e+02
1.431822250138343975e+02
1.437072933955217309e+02
1.440832722242177795e+02
1.442737468049738823e+02
1.446918639172546648e+02
1.450160212686562318e+02
1.450803022912819813e+02
1.451758290722534923e+02
1.453040380778310521e+02
1.457744394305517801e+02
1.461321068061643871e+02
1.465605066356047246e+02
1.465605066356047246e+02
1.469710848557686518e+02
1.474735302522028348e+02
1.474923253784974975e+02
1.478851098475909680e+02
1.481657196279169000e+02
1.485133503574566305e+02
1.487962574173060091e+02
1.491555680324897253e+02
1.491555680324897253e+02
1.495937496848247577e+02
1.495937496848247577e+02
1.495937496848247577e+02
1.496665737029648540e+02
1.498522692689653582e+02
1.498522692689653582e+02
1.498522692689653582e+02
1.501811846295360340e+02
1.503703663602319125e+02
1.510786038591502916e+02
1.510786038591502916e+02
1.513796422527318839e+02
1.517602517821096626e+02
1.517602517821096626e+02
1.519351461765108127e+02
1.523458292092938109e+02
1.525057245693148786e+02
1.527012216974087835e+02
1.527393956457998456e+02
1.530209442483867974e+02
1.531809155565927369e+02
1.531809155565927369e+02
1.531993742317277452e+02
1.534128351078529988e+02
1.538615575364540575e+02
1.538615575364540575e+02
1.538615575364540575e+02
1.543701636776739861e+02
1.544349779909770746e+02
1.546833887119991573e+02
1.551074610821058286e+02
1.557375846361752849e+02
1.559356397942823946e+02
1.567037951236759739e+02
1.567037951236759739e+02
1.567906363549442403e+02
1.568085274613569027e+02
1.569097392858461433e+02
1.571297040422524560e+02
1.572640372390244181e+02
1.572640372390244181e+02
1.572640372390244181e+02
1.572640372390244181e+02
1.575120934640128780e+02
1.575120934640128780e+02
1.578871602425353160e+02
1.580137764226356865e+02
1.582407216954141234e+02
1.585468306129252198e+02
1.589160804839110028e+02
1.592833009946649270e+02
1.592833009946649270e+02
1.592833009946649270e+02
1.592833009946649270e+02
1.593670713430527428e+02
1.593970624777405192e+02
1.594586708136544360e+02
1.594586708136544360e+02
1.596581290640654629e+02
1.597651047240630930e+02
1.601418737589962404e+02
1.602278153995106322e+02
1.603575442581877724e+02
1.604692519247729479e+02
1.607603942025457968e+02
1.607603942025457968e+02
1.610084324059195637e+02
1.610693467307311266e+02
1.614229857864434337e+02
1.615041531373346686e+02
1.615693562253077857e+02
1.616070480606819046e+02
1.616070480606819046e+02
1.618742820464300394e+02
1.622563925564458316e+02
1.624100984835388317e+02
1.624100984835388317e+02
1.625818102264263700e+02
1.628773451573605371e+02
1.628773451573605371e+02
1.628773451573605371e+02
1.631270572568780892e+02
1.631442809964501635e+02
1.631442809964501635e+02
1.634443360474973872e+02
1.634443360474973872e+02
1.634443360474973872e+02
1.636836142137285037e+02
1.636836142137285037e+02
1.638968972337190166e+02
1.640843260413917619e+02
1.640843260413917619e+02
1.640843260413917619e+02
1.642400880735011413e+02
1.642833882509986552e+02
1.646793019373410232e+02
1.647413509755448047e+02
1.651119800941915798e+02
1.651227711521919446e+02
1.656412985674284073e+02
1.656412985674284073e+02
1.656412985674284073e+02
1.656412985674284073e+02
1.656412985674284073e+02
1.656412985674284073e+02
1.660112678625936269e+02
1.660112678625936269e+02
1.663083107216834549e+02
1.663879646838364295e+02
1.664111046055926693e+02
1.664560167321540689e+02
1.666772261190138806e+02
1.671306200521028416e+02
1.674804859053301698e+02
1.677531475975571311e+02
1.677896073878125094e+02
1.681687824836036214e+02
1.682182213816215892e+02
1.685936733563056578e+02
1.687495720358872688e+02
1.689741026957442500e+02
1.689741026957442500e+02
1.693299075802277684e+02
1.698002376875676021e+02
1.700134003475660904e+02
1.700134003475660904e+02
1.703856664180202358e+02
1.707695901774926028e+02
1.712296943011866972e+02
1.713478826386670448e+02
1.713478826386670448e+02
1.713478826386670448e+02
1.713478826386670448e+02
1.713478826386670448e+02
1.717065852985329570e+02
1.720402132188019664e+02
1.720402132188019664e+02
1.720402132188019664e+02
1.720402132188019664e+02
1.728341184956477150e+02
1.729575639818949071e+02
1.729575639818949071e+02
1.733609912901967505e+02
1.733609912901967505e+02
1.733609912901967505e+02
1.734011857172309305e+02
1.740287187513816889e+02
1.742637133371639777e+02
1.742637133371639777e+02
1.745775420436161482e+02
1.749536127044503360e+02
1.749536127044503360e+02
1.749536127044503360e+02
1.751214322746563425e+02
1.753695501639629981e+02
1.753954873460242254e+02
1.759199719258521384e+02
1.760918629827307313e+02
1.760918629827307313e+02
1.765246478060058735e+02
1.766556584309333573e+02
1.767694512121455546e+02
1.770461713868559741e+02
1.770461713868559741e+02
1.776828840457347383e+02
1.776828840457347383e+02
1.778235660103026134e+02
1.783046876198700943e+02
1.783046876198700943e+02
1.787514741670705973e+02
1.787514741670705973e+02
1.787514741670705973e+02
1.789278970929131560e+02
1.792441627310914782e+02
1.792507737829552354e+02
1.797986200246504040e+02
1.802756862490680021e+02
1.805358957408545564e+02
1.805358957408545564e+02
1.805877296699005967e+02
1.805877296699005967e+02
1.810452415375532098e+02
1.810452415375532098e+02
1.811995948049508627e+02
1.816515698583805545e+02
1.817591495143061593e+02
1.817591495143061593e+02
1.822124650687356109e+02
1.825220849169820951e+02
1.826544999137990430e+02
1.828358393423693258e+02
1.828358393423693258e+02
1.828358393423693258e+02
1.828358393423693258e+02
1.829507767540246164e+02
1.829507767540246164e+02
1.831358775030082313e+02
1.833170717192606958e+02
1.834573064679077561e+02
1.835224003639627313e+02
1.835224003639627313e+02
1.838032799859741999e+02
1.838792772808169502e+02
1.839024339912531048e+02
1.839024339912531048e+02
1.841316005870966990e+02
1.841627798546078623e+02
1.841627798546078623e+02
1.846809655148507829e+02
1.849928983077159330e+02
1.853364284254983545e+02
1.853364284254983545e+02
1.857335295975417182e+02
1.857335295975417182e+02
1.857366211068798521e+02
1.857366211068798521e+02
1.859013545235764582e+02
1.863418849442404053e+02
1.864023007296801211e+02
1.865711302746853733e+02
1.868837978234185755e+02
1.873214245796496300e+02
1.874247071067367756e+02
1.874915903843793785e+02
1.878902529391378664e+02
1.882027317786449601e+02
1.885571445760301117e+02
1.886921160934670922e+02
1.886921160934670922e+02
1.888551993926051864e+02
1.892838840458636867e+02
1.892838840458636867e+02
1.893829677280587589e+02
1.893829677280587589e+02
1.893829677280587589e+02
1.893829677280587589e+02
1.896468064288828543e+02
1.896742118121602232e+02
1.899203698367797983e+02
1.903849075118920666e+02
1.905653923313383302e+02
1.906217122995933551e+02
1.906217122995933551e+02
1.909510710411625496e+02
1.909510710411625496e+02
1.910688828758321733e+02
1.915588852700955158e+02
1.915588852700955158e+02
1.915588852700955158e+02
1.916083271757057673e+02
1.918450290664816862e+02
1.918469368035783873e+02
1.918469368035783873e+02
1.918469368035783873e+02
1.918629076129490727e+02
1.918648997167659900e+02
1.918648997167659900e+02
1.922279224540823748e+02
1.922279224540823748e+02
1.923759491842304499e+02
1.926391145017043982e+02
1.930407149027847140e+02
1.930525907033562305e+02
1.934525734603002718e+02
1.936375387663689480e+02
1.938187467208308306e+02
1.940202224100951298e+02
1.940202224100951298e+02
1.940503809204573997e+02
1.940503809204573997e+02
1.941577038517322649e+02
1.941577038517322649e+02
1.942765446621034187e+02
1.946447377397010712e+02
1.949443243071126233e+02
1.952229194277001056e+02
1.953634589604165512e+02
1.954294255537779748e+02
1.958141005282170397e+02
1.960941526199404166e+02
1.960941526199404166e+02
1.960941526199404166e+02
1.960941526199404166e+02
1.963414942119459567e+02
1.965327413695696350e+02
1.965327413695696350e+02
1.965327413695696350e+02
1.965327413695696350e+02
1.968326903727453612e+02
1.972815221786948428e+02
1.972815221786948428e+02
1.977208936282245304e+02
1.977208936282245304e+02
1.977208936282245304e+02
1.979894256239703338e+02
1.979894256239703338e+02
1.979894256239703338e+02
1.981843090358363213e+02
1.985355199931209143e+02
1.988256805498879203e+02
1.989382167085683761e+02
1.989932705326039581e+02
1.989932705326039581e+02
1.989932705326039581e+02
1.991988981797912572e+02
1.993156466637115614e+02
1.996728614174624852e+02
1.996728614174624852e+02
1.997296202941105889e+02
2.000693433701085553e+02
2.000693433701085553e+02
2.004255478421760017e+02
2.006234406910095913e+02
2.011754490336720380e+02
2.011754490336720380e+02
2.013806021951133118e+02
2.015589330670735819e+02
2.019620878692904284e+02
2.019620878692904284e+02
2.019843728052999268e+02
2.025030046673611821e+02
2.025030046673611821e+02
2.026613647397964826e+02
2.026613647397964826e+02
2.028272220466045326e+02
2.028272220466045326e+02
2.029541728050863583e+02
2.029541728050863583e+02
2.029541728050863583e+02
2.033802699066776825e+02
2.037917990708682794e+02
2.039886612449273855e+02
2.040999521976100084e+02
2.040999521976100084e+02
2.040999521976100084e+02
2.040999521976100084e+02
2.041308380176507740e+02
2.046935698609092356e+02
2.046935698609092356e+02
2.047316735439935371e+02
2.048569919441276284e+02
2.048569919441276284e+02
2.049787197821947871e+02
2.049787197821947871e+02
2.050455770488643168e+02
2.052542710057173565e+02
2.052542710057173565e+02
2.053781875113270985e+02
2.053781875113270985e+02
2.053781875113270985e+02
2.057319932064094985e+02
2.058373480553105708e+02
2.058373480553105708e+02
2.059355975526902682e+02
2.060875932238824646e+02
2.060875932238824646e+02
2.061189545371780696e+02
2.061847758387930583e+02
2.062197905459081824e+02
2.065486278997852878e+02
2.066700616580244798e+02
2.066700616580244798e+02
2.066700616580244798e+02
2.068731244528596847e+02
2.070034066794027297e+02
2.070034066794027297e+02
2.071630325472624747e+02
2.073830658326897378e+02
2.074667945018573789e+02
2.075014488688069605e+02
2.075781473673853554e+02
2.076877391326875397e+02
2.076921592119105071e+02
2.077933046192476070e+02
2.077933046192476070e+02
2.077933046192476070e+02
2.077933046192476070e+02
2.077933046192476070e+02
2.078416253932659288e+02
2.078416253932659288e+02
2.080474572525324675e+02
2.080740823428019155e+02
2.080740823428019155e+02
2.082056361507172539e+02
2.082056361507172539e+02
2.082056361507172539e+02
2.082056361507172539e+02
2.082056361507172539e+02
2.086740919000260419e+02
2.088221150371461476e+02
2.089356910439040576e+02
2.092673937737403378e+02
2.094289546396371691e+02
2.094289546396371691e+02
2.095911926798158049e+02
2.095911926798158049e+02
2.097867820407334136e+02
2.100129634550430069e+02
2.100129634550430069e+02
2.104985425533901378e+02
2.105567204475925678e+02
2.107862749482362119e+02
2.107862749482362119e+02
2.109929589454218046e+02
2.109929589454218046e+02
2.110575819793988899e+02
2.112311821706556714e+02
2.114302794363607632e+02
2.114889372635720406e+02
2.118294056554750853e+02
2.118294056554750853e+02
2.118294056554750853e+02
2.118294056554750853e+02
2.118294056554750853e+02
2.119443903831478906e+02
2.119443903831478906e+02
2.119443903831478906e+02
2.120645706261159944e+02
2.120645706261159944e+02
2.122972859221597446e+02
2.124604649058132395e+02
2.126376698223632786e+02
2.126376698223632786e+02
2.128439056924692352e+02
2.128439056924692352e+02
2.129100226437045649e+02
2.129100226437045649e+02
2.129100226437045649e+02
2.129100226437045649e+02
2.129676351559289458e+02
2.129746388026316879e+02
2.132408438947717855e+02
2.134019442293240161e+02
2.134354710644571753e+02
2.136312732125038565e+02
2.136312732125038565e+02
2.136312732125038565e+02
2.136312732125038565e+02
2.138314946145475517e+02
2.140315471577694666e+02
2.140315471577694666e+02
2.140599735936218337e+02
2.143316037156302798e+02
2.143316037156302798e+02
2.143316037156302798e+02
2.144110606643556878e+02
2.144339565136678800e+02
2.146923806339877672e+02
2.146923806339877672e+02
2.148498480176596672e+02
2.148990395206095343e+02
2.148990395206095343e+02
2.150495953711455286e+02
2.150495953711455286e+02
2.153003708014328765e+02
2.156361164370611334e+02
2.161448057766095587e+02
2.164036032176707920e+02
2.164036032176707920e+02
2.164036032176707920e+02
2.164036032176707920e+02
2.164036032176707920e+02
2.165306785489292736e+02
2.165933138891931833e+02
2.165933138891931833e+02
2.166171189469116598e+02
2.167974766889400087e+02
2.168585373229598474e+02
2.168585373229598474e+02
2.168585373229598474e+02
2.170072046721033416e+02
2.170072046721033416e+02
2.170072046721033416e+02
2.172067521152121685e+02
2.174727905583529832e+02
2.174727905583529832e+02
2.174727905583529832e+02
2.175414748013888016e+02
2.175414748013888016e+02
2.175414748013888016e+02
2.175443321732763593e+02
2.176035072139601994e+02
2.176035072139601994e+02
2.176035072139601994e+02
2.176035072139601994e+02
2.176138660815639980e+02
2.176998227290554837e+02
2.177333907078092636e+02
2.177333907078092636e+02
2.177613849072820642e+02
2.178973583202314330e+02
2.179176612873833676e+02
2.180673925434254556e+02
2.180673925434254556e+02
2.180764767757768823e+02
2.181829754622952180e+02
2.181829754622952180e+02
2.182121982434191239e+02
2.183059516925190167e+02
2.184307830391436198e+02
2.184307830391436198e+02
2.184307830391436198e+02
2.184307830391436198e+02
2.184627722266185685e+02
2.185186470591329453e+02
2.185186470591329453e+02
2.185186470591329453e+02
2.187096481164947193e+02
2.187096481164947193e+02
2.187096481164947193e+02
2.188504153697029153e+02
2.191634914964066638e+02
2.191634914964066638e+02
2.194343484384084491e+02
2.194343484384084491e+02
2.195455013566360662e+02
2.196817761030746965e+02
2.196817761030746965e+02
2.196817761030746965e+02
2.197730416719725497e+02
2.197730416719725497e+02
2.197730416719725497e+02
2.197730416719725497e+02
2.197730416719725497e+02
2.197730416719725497e+02
2.197730416719725497e+02
2.197730416719725497e+02
2.197730416719725497e+02
2.197730416719725497e+02
2.197730416719725497e+02
2.197730416719725497e+02
2.197897840263048295e+02
2.198579912350491270e+02
2.198579912350491270e+02
2.198579912350491270e+02
2.198579912350491270e+02
2.199372586239830980e+02
2.200273908738551825e+02
2.200450337435113966e+02
