3.839670623304425323e-01
9.692810230056974063e-01
1.364579613025578730e+00
2.054836163557467010e+00
2.280988708951970700e+00
2.431580165092153578e+00
2.773500043961655059e+00
3.298610579793382236e+00
3.298610579793382236e+00
3.549292738982272155e+00
3.805830144616540345e+00
4.294848057300559852e+00
4.944474794806806628e+00
5.456193340547736526e+00
5.981496062016722348e+00
6.587790656816356005e+00
6.888720889824957894e+00
7.217806744792996554e+00
7.837672106357146617e+00
7.837672106357146617e+00
8.680326211062757480e+00
9.106480470006703243e+00
9.139411096864550998e+00
9.201432878873001542e+00
1.005681273183950353e+01
1.067941344443681650e+01
1.073947165877557985e+01
1.107577348654121074e+01
1.121011204803990324e+01
1.144978330068880190e+01
1.197555952889835851e+01
1.223461752465024688e+01
1.280678396861788215e+01
1.326967786915592740e+01
1.385421644294921073e+01
1.420885296375566398e+01
1.480275775924025439e+01
1.523391150148427542e+01
1.562437789523287002e+01
1.626699643573782694e+01
1.710639029244925879e+01
1.765147505542894990e+01
1.777792757450450623e+01
1.852342801156891738e+01
1.893206031113001231e+01
1.935087253942630880e+01
1.963975063811355071e+01
2.002703876087932500e+01
2.056912311457895015e+01
2.107323134213903160e+01
2.125774811109296891e+01
2.166722705509966218e+01
2.215440942064031660e+01
2.272723455608166176e+01
2.272723455608166176e+01
2.343162422824925883e+01
2.390842234503655561e+01
2.438788192577377956e+01
2.509221721018820261e+01
2.543745466057411520e+01
2.610773723293652537e+01
2.617905469429768317e+01
2.678106114592679177e+01
2.721292738927199295e+01
2.744599044796119358e+01
2.769987456441802465e+01
2.812388469814228031e+01
2.839921974874109623e+01
2.885563980901896741e+01
2.912930772017871206e+01
2.912930772017871206e+01
2.962976257214858933e+01
2.968804298674639952e+01
2.973827267728193036e+01
2.976091238209166079e+01
2.976091238209166079e+01
3.010519500803585302e+01
3.065620865394520678e+01
3.105701247308057589e+01
3.146056022236392025e+01
3.172371747753931359e+01
3.246142186997958845e+01
3.246142186997958845e+01
3.268825798314789921e+01
3.280025240724572910e+01
3.288676976203384328e+01
3.307565210051622273e+01
3.325020824337008918e+01
3.325020824337008918e+01
3.325708404199759372e+01
3.371233803083053004e+01
3.371233803083053004e+01
3.371233803083053004e+01
3.406110770502640150e+01
3.422498816917553910e+01
3.422498816917553910e+01
3.448301763048922908e+01
3.470519901326657930e+01
3.513845985036691388e+01
3.547181554566043360e+01
3.555128062702993219e+01
3.603828917559285827e+01
3.627597816905378636e+01
3.627597816905378636e+01
3.631831953609556507e+01
3.631831953609556507e+01
3.638740739463978002e+01
3.705610668375223327e+01
3.748180418021839699e+01
3.770773038901771201e+01
3.816235091550352365e+01
3.858217486724932854e+01
3.931098999436831321e+01
3.973645998966181025e+01
4.037482514858830029e+01
4.056648324452501697e+01
4.056648324452501697e+01
4.058171463119425937e+01
4.083738460372097023e+01
4.083738460372097023e+01
4.105449730358105853e+01
4.126801101995609145e+01
4.126801101995609145e+01
4.126801101995609145e+01
4.126801101995609145e+01
4.159759073577288291e+01
4.208166236588609621e+01
4.223320103214532395e+01
4.223320103214532395e+01
4.223320103214532395e+01
4.240140727415523259e+01
4.270937141362954748e+01
4.309180321019574222e+01
4.309180321019574222e+01
4.332032353553648818e+01
4.368262204553205663e+01
4.389949347176876415e+01
4.441776339423617515e+01
4.448256482448702087e+01
4.480069508015559876e+01
4.491730459013088961e+01
4.536758119589855909e+01
4.565941674616971824e+01
4.595803633568929314e+01
4.654058380929267003e+01
4.683860280034019752e+01
4.709843593172496412e+01
4.761150491372762872e+01
4.810986235575393977e+01
4.829119179642501081e+01
4.829119179642501081e+01
4.849345734090324811e+01
4.849345734090324811e+01
4.849345734090324811e+01
4.914554262361126291e+01
4.928761438123075322e+01
4.949999639550529196e+01
4.981465874603320287e+01
5.010705129513500822e+01
5.061591415583824727e+01
5.104420936850348056e+01
5.123742414633308329e+01
5.130791444788025757e+01
5.132616427298964368e+01
5.168140001295532215e+01
5.186467020668300876e+01
5.196664298076495214e+01
5.196664298076495214e+01
5.197925216544345517e+01
5.210375803648180693e+01
5.210375803648180693e+01
5.210375803648180693e+01
5.239379851535545640e+01
5.239379851535545640e+01
5.245755402562692638e+01
5.245755402562692638e+01
5.292992138658492252e+01
5.316540368820835027e+01
5.320475569331792087e+01
5.345802376647021958e+01
5.371385700276405828e+01
5.403778340868740315e+01
5.403778340868740315e+01
5.425666506141612899e+01
5.434158576079710912e+01
5.441670036837550839e+01
5.455160976608589607e+01
5.477156316451012685e+01
5.511797359210298453e+01
5.526915404419255395e+01
5.538044820542820901e+01
5.597048428054675639e+01
5.613796908557895193e+01
5.619766942674080212e+01
5.619766942674080212e+01
5.629162945988115041e+01
5.652191379136017702e+01
5.663164510937107110e+01
5.678477591510753797e+01
5.691693934930897569e+01
5.691693934930897569e+01
5.691693934930897569e+01
5.691693934930897569e+01
5.691693934930897569e+01
5.693801162026598206e+01
5.708889263765353661e+01
5.736842489575668225e+01
5.736842489575668225e+01
5.736842489575668225e+01
5.781485738228501958e+01
5.817956409642667381e+01
5.845669392256021979e+01
5.845669392256021979e+01
5.878960467478970742e+01
5.887362306013989866e+01
5.892659643524829249e+01
5.892659643524829249e+01
5.922463783247438585e+01
5.926644288623258916e+01
5.930859947558470679e+01
5.969436922365244413e+01
5.969436922365244413e+01
5.998293587680073102e+01
6.044983337890815989e+01
6.046429121227529890e+01
6.087184440259738949e+01
6.091267333915951809e+01
6.129464505433002586e+01
6.181247107317547318e+01
6.220404308704543439e+01
6.249543942782559469e+01
6.249543942782559469e+01
6.263513183162263687e+01
6.303725596204134973e+01
6.303725596204134973e+01
6.320508130187452878e+01
6.320508130187452878e+01
6.320508130187452878e+01
6.320508130187452878e+01
6.326435250222977658e+01
6.339176411781395615e+01
6.364956715030970713e+01
6.387317311509571027e+01
6.424022105963459239e+01
6.440137199730816064e+01
6.453639458383538852e+01
6.464920052441580367e+01
6.464920052441580367e+01
6.481111771102052899e+01
6.525560303466632206e+01
6.536612792241571412e+01
6.580233445894631927e+01
6.584880758036243265e+01
6.645389273249220707e+01
6.667710192505428779e+01
6.668232048759143993e+01
6.708021420394589995e+01
6.723345665934306226e+01
6.739646438318196431e+01
6.750142226434182646e+01
6.777289099424913843e+01
6.777289099424913843e+01
6.826462465660830503e+01
6.854121725587394565e+01
6.872912960592783804e+01
6.939727293670215147e+01
6.964677492785043000e+01
6.964677492785043000e+01
6.964677492785043000e+01
6.967391880311119223e+01
6.996211067676563289e+01
7.043410275265758003e+01
7.071249356645296302e+01
7.095766377616314458e+01
7.127086218818830332e+01
7.127086218818830332e+01
7.152404919314629694e+01
7.182394993624211565e+01
7.206638578709149101e+01
7.208674755943177104e+01
7.230983825933657272e+01
7.282744599812592412e+01
7.330345175656451318e+01
7.345948836213634081e+01
7.345948836213634081e+01
7.345948836213634081e+01
7.345948836213634081e+01
7.359590020473950744e+01
7.398035852183782879e+01
7.432317008122183211e+01
7.438781218008566043e+01
7.449167482176217447e+01
7.462284392829569413e+01
7.493040981410963752e+01
7.522402041598104461e+01
7.537785223576373994e+01
7.554677045413525605e+01
7.603456689958477455e+01
7.612519848439126235e+01
7.618084561172749147e+01
7.618084561172749147e+01
7.618084561172749147e+01
7.651798483247536353e+01
7.661592874114167273e+01
7.667830126988563677e+01
7.679854991407765397e+01
7.703444320192500072e+01
7.728631629022588356e+01
7.728631629022588356e+01
7.728631629022588356e+01
7.734163148565055224e+01
7.734163148565055224e+01
7.739292071777353499e+01
7.783479850923355059e+01
7.789436137982004027e+01
7.824082484331715648e+01
7.859292759474132595e+01
7.898763372252466297e+01
7.959575245545831024e+01
7.986789220020664004e+01
8.007590716842801726e+01
8.050285452044346357e+01
8.058193094409334378e+01
8.090896918487570133e+01
8.090896918487570133e+01
8.112238848223979915e+01
8.112238848223979915e+01
8.121425226730349323e+01
8.122790629479277413e+01
8.122790629479277413e+01
8.141346260573683935e+01
8.147861336292220358e+01
8.151482356355434433e+01
8.171992777384755868e+01
8.175951688287962327e+01
8.175951688287962327e+01
8.175951688287962327e+01
8.175951688287962327e+01
8.175951688287962327e+01
8.175951688287962327e+01
8.207517730599923311e+01
8.207517730599923311e+01
8.260685888611357086e+01
8.265080617678312080e+01
8.302916094638057132e+01
8.318149532323089090e+01
8.355627919947363580e+01
8.355627919947363580e+01
8.375976450074249158e+01
8.375976450074249158e+01
8.375976450074249158e+01
8.378113758992375892e+01
8.406364854611345550e+01
8.450622025283978189e+01
8.468786796164431507e+01
8.468786796164431507e+01
8.526249707576528181e+01
8.528926442140581798e+01
8.545824465573085149e+01
8.545824465573085149e+01
8.550390708277203089e+01
8.550390708277203089e+01
8.563333783199114180e+01
8.584023688806895791e+01
8.584023688806895791e+01
8.616434095592906317e+01
8.624376838097563791e+01
8.627031200719824255e+01
8.669471013878083454e+01
8.669471013878083454e+01
8.676600104665173774e+01
8.676600104665173774e+01
8.676600104665173774e+01
8.682808592003780745e+01
8.682808592003780745e+01
8.708260859923510111e+01
8.708260859923510111e+01
8.720670118586690478e+01
8.742290832633976549e+01
8.742290832633976549e+01
8.742290832633976549e+01
8.760267523004108625e+01
8.760267523004108625e+01
8.780391367026842886e+01
8.780391367026842886e+01
8.794330009639986656e+01
8.809425165414079117e+01
8.849807724195397896e+01
8.849807724195397896e+01
8.849807724195397896e+01
8.849807724195397896e+01
8.853329427590610123e+01
8.873396063238176623e+01
8.873396063238176623e+01
8.893878297816226564e+01
8.896599270623748623e+01
8.919940600250249929e+01
8.926911564027260226e+01
8.967270440551166644e+01
8.986664767310092827e+01
8.994688826231188727e+01
8.994688826231188727e+01
8.994688826231188727e+01
8.994688826231188727e+01
8.994688826231188727e+01
9.021607138065350284e+01
9.021607138065350284e+01
9.053241211609028483e+01
9.093906863847182365e+01
9.098562229144124558e+01
9.137454462784103271e+01
9.154133073443861690e+01
9.166458084232191084e+01
9.196551984153371961e+01
9.219265891233609977e+01
9.231284697467985723e+01
9.231284697467985723e+01
9.265314083722103078e+01
9.265314083722103078e+01
9.265314083722103078e+01
9.273912689567163170e+01
9.273912689567163170e+01
9.316582022729846813e+01
9.355559464499874878e+01
9.421911874031675893e+01
9.446964829544391762e+01
9.446964829544391762e+01
9.464374886597005343e+01
9.464374886597005343e+01
9.491814494203160280e+01
9.521052747933921978e+01
9.555426067550621383e+01
9.555426067550621383e+01
9.564006093450188928e+01
9.583531329231260543e+01
9.583540960467701098e+01
9.594572226012287786e+01
9.602762745682275636e+01
9.625686124876150984e+01
9.626541892144607004e+01
9.657491159770907529e+01
9.685306451885512047e+01
9.708808021300505686e+01
9.708808021300505686e+01
9.708808021300505686e+01
9.708808021300505686e+01
9.728094147504863543e+01
9.728094147504863543e+01
9.728094147504863543e+01
9.750681574552351094e+01
9.780104815964261888e+01
9.851585409022769113e+01
9.874851057653111752e+01
9.874851057653111752e+01
9.919237274772399360e+01
9.925511316053673738e+01
9.965209441257307788e+01
9.965209441257307788e+01
9.982665430806700613e+01
9.998131018344827226e+01
1.001086504444374725e+02
1.001983712025739663e+02
1.003729813311590959e+02
1.003729813311590959e+02
1.005546802888655549e+02
1.006032267634428763e+02
1.009986956128236528e+02
1.009986956128236528e+02
1.012885083702716997e+02
1.012885083702716997e+02
1.013842172047363022e+02
1.013842172047363022e+02
1.013842172047363022e+02
1.015956915348081964e+02
1.017804392148553916e+02
1.018381955755722714e+02
1.018381955755722714e+02
1.019595899660859857e+02
1.021333984057064157e+02
1.021333984057064157e+02
1.021333984057064157e+02
1.021496943389596197e+02
1.021496943389596197e+02
1.022957669949448558e+02
1.024057797173317539e+02
1.026683842946475522e+02
1.027848449500521042e+02
1.028047250678664568e+02
1.028047250678664568e+02
1.029739457879533973e+02
1.031524107081236394e+02
1.031524107081236394e+02
1.031524107081236394e+02
1.031877779496333716e+02
1.031877779496333716e+02
1.033402646429084228e+02
1.033402646429084228e+02
1.033402646429084228e+02
1.036952451586054735e+02
1.038988875025992087e+02
1.039645659332755940e+02
1.042005286646200375e+02
1.042005286646200375e+02
1.044870479745857494e+02
1.046119126466874434e+02
1.051811944745514467e+02
1.052798008383805382e+02
1.052798008383805382e+02
1.052798008383805382e+02
1.059183368273254899e+02
1.061323056911221983e+02
1.066410710756508706e+02
1.067034496242392123e+02
1.067034496242392123e+02
1.068249923857447357e+02
1.068249923857447357e+02
1.068249923857447357e+02
1.068735168617308346e+02
1.068735168617308346e+02
1.069471167669446032e+02
1.069471167669446032e+02
1.073754277100046721e+02
1.074253922962228529e+02
1.074253922962228529e+02
1.074253922962228529e+02
1.074261604674590842e+02
1.077518661725692937e+02
1.078761573770318307e+02
1.083899281370793801e+02
1.087452247868561557e+02
1.087452247868561557e+02
1.087452247868561557e+02
1.090043437267102888e+02
1.090043437267102888e+02
1.092181948257779993e+02
1.093218465703227054e+02
1.097697552683170272e+02
1.097697552683170272e+02
1.099836999558825283e+02
1.101215669810058131e+02
1.104872176862954660e+02
1.108511033141958393e+02
1.109483512451782303e+02
1.109483512451782303e+02
1.109483512451782303e+02
1.109683275127140831e+02
1.109683275127140831e+02
1.109902409572178783e+02
1.109902409572178783e+02
1.112930185613082585e+02
1.116160247452265537e+02
1.121988175854353926e+02
1.123229133209705992e+02
1.123885297139627255e+02
1.123885297139627255e+02
1.123885297139627255e+02
1.123885297139627255e+02
1.125809608896552021e+02
1.127001205845996168e+02
1.129842335790304588e+02
1.129842335790304588e+02
1.131070386723818046e+02
1.132952759252549413e+02
1.135690594651075997e+02
1.135690594651075997e+02
1.140144685402740805e+02
1.142407112939850435e+02
1.144675198783167644e+02
1.144751952961409813e+02
1.146611957077288935e+02
1.148177250814695185e+02
1.148177250814695185e+02
1.148733120609777103e+02
1.148733120609777103e+02
1.148733120609777103e+02
1.148733120609777103e+02
1.149475309445478075e+02
1.151741674932698203e+02
1.152622559262174207e+02
1.152622559262174207e+02
1.158997503478161093e+02
1.159562936214859121e+02
1.164947461440277579e+02
1.165188949206762317e+02
1.165188949206762317e+02
1.168432217896412766e+02
1.170067882977905640e+02
1.171727496416300767e+02
1.173914032106085159e+02
1.173914032106085159e+02
1.173914032106085159e+02
1.173914032106085159e+02
1.173914032106085159e+02
1.173914032106085159e+02
1.178544730951958428e+02
1.178544730951958428e+02
1.178544730951958428e+02
1.182516019315544611e+02
1.184976170930440418e+02
1.186106791736996087e+02
1.186106791736996087e+02
1.187285682913569360e+02
1.187285682913569360e+02
1.187682216145065155e+02
1.189882580971637793e+02
1.191182154028438731e+02
1.192753074916901568e+02
1.192753074916901568e+02
1.192753074916901568e+02
1.197646381173344992e+02
1.197646381173344992e+02
1.199327327264946632e+02
1.199327327264946632e+02
1.199327327264946632e+02
1.199327327264946632e+02
1.199591991757700100e+02
1.199591991757700100e+02
1.200134410620562733e+02
1.200134410620562733e+02
1.202127322945052441e+02
1.202529585299519823e+02
1.202755801218094120e+02
1.203186952243196828e+02
1.203186952243196828e+02
1.204989653082647862e+02
1.204989653082647862e+02
1.204989653082647862e+02
1.207159856640134450e+02
1.211230000094003998e+02
1.213723645647452400e+02
1.213723645647452400e+02
1.215087930843859283e+02
1.215967167407171701e+02
1.215967167407171701e+02
1.215967167407171701e+02
1.218025797189782935e+02
1.218937769742955055e+02
1.220873583162686060e+02
1.222592997742623169e+02
1.222592997742623169e+02
1.222592997742623169e+02
1.224657403435133034e+02
1.229332606295786832e+02
1.229332606295786832e+02
1.233088420528549989e+02
1.235671166712285469e+02
1.235671166712285469e+02
1.236516049496778038e+02
1.239180621429921985e+02
1.239396249583767968e+02
1.239396249583767968e+02
1.240310306906094837e+02
1.240310306906094837e+02
1.243088522801974136e+02
1.245040546602088938e+02
1.248262409531424453e+02
1.250230187390051668e+02
1.250230187390051668e+02
1.250230187390051668e+02
1.250230187390051668e+02
1.251887713729088318e+02
1.251887713729088318e+02
1.252187913569627113e+02
1.252187913569627113e+02
1.252187913569627113e+02
1.252187913569627113e+02
1.252187913569627113e+02
1.252187913569627113e+02
1.252187913569627113e+02
1.253577631512402917e+02
1.253577631512402917e+02
1.255010481580126935e+02
1.255739618881699045e+02
1.256341188365073833e+02
1.256462923734266468e+02
1.258078895772709274e+02
1.258078895772709274e+02
1.261248757800331646e+02
1.261723231672517045e+02
1.263284501511975435e+02
1.263759345780081986e+02
1.264183226098206063e+02
1.264767398388767248e+02
1.267092713010613352e+02
1.267187772784435822e+02
1.269343960638390598e+02
1.269343960638390598e+02
1.269343960638390598e+02
1.269343960638390598e+02
1.270933561082235599e+02
1.270933561082235599e+02
1.275707711479825832e+02
1.277188408134275903e+02
1.277556782327122136e+02
1.277698492617062698e+02
1.277698492617062698e+02
1.277698492617062698e+02
1.277698492617062698e+02
1.278587503121811153e+02
1.279826511268283014e+02
1.279826511268283014e+02
1.279826511268283014e+02
1.283570348608034237e+02
1.287102395272108879e+02
1.290044384459885407e+02
1.290044384459885407e+02
1.290044384459885407e+02
1.291776593373562889e+02
1.291776593373562889e+02
1.291776593373562889e+02
1.294404420529435811e+02
1.294404420529435811e+02
1.295106684052520336e+02
1.295106684052520336e+02
1.296359796807373925e+02
1.296829458515004205e+02
1.297882238471064227e+02
1.299950560151968659e+02
1.302358272307455707e+02
1.303593157909031675e+02
1.303593157909031675e+02
1.303593157909031675e+02
1.307447394109501886e+02
1.307755078623503664e+02
1.310599466938414253e+02
1.310599466938414253e+02
1.310599466938414253e+02
1.310599466938414253e+02
1.310599466938414253e+02
1.310599466938414253e+02
1.311512088545817960e+02
1.312579036012183735e+02
1.313333178879748289e+02
1.313459393271002682e+02
1.315210599904045523e+02
1.315940035131949060e+02
1.320693260437661252e+02
1.322202999418558704e+02
1.322202999418558704e+02
1.325559970193938284e+02
1.329975894513894730e+02
1.330171207959472781e+02
1.330834058411953151e+02
1.332105974055267552e+02
1.336044351994734427e+02
1.336044351994734427e+02
1.336044351994734427e+02
1.336044351994734427e+02
1.339612736812297555e+02
1.340264832790588798e+02
1.341540215768284270e+02
1.341540215768284270e+02
1.345926545348089860e+02
1.345926545348089860e+02
1.345926545348089860e+02
1.345926545348089860e+02
1.350221185792457277e+02
1.353269901062196539e+02
1.357940169490855169e+02
1.358777773710297936e+02
1.359314794534638509e+02
1.359314794534638509e+02
1.363485793611146732e+02
1.366617525187138540e+02
1.369043660469852171e+02
1.369043660469852171e+02
1.370668768456732209e+02
1.370707965513143449e+02
1.370707965513143449e+02
1.371467664883080602e+02
1.371467664883080602e+02
1.371467664883080602e+02
1.373584787121199895e+02
1.376409740331232570e+02
1.379343574727554937e+02
1.381203266614601262e+02
1.382859675754256159e+02
1.385944368204321506e+02
1.388806818232909563e+02
1.389323662474087087e+02
1.389323662474087087e+02
1.390418183114893509e+02
1.390418183114893509e+02
1.391847030315124414e+02
1.391847030315124414e+02
1.394317599472613836e+02
1.394317599472613836e+02
1.395877373812610074e+02
1.400360014026988722e+02
1.403437855095455404e+02
1.407596836829216045e+02
1.410335447939560254e+02
1.410335447939560254e+02
1.410335447939560254e+02
1.410791105695175816e+02
1.410791105695175816e+02
1.410791105695175816e+02
1.413071517522661225e+02
1.413982177482463953e+02
1.414915714107289944e+02
1.417118267715183322e+02
1.417118267715183322e+02
1.417789949520696950e+02
1.419485369634754477e+02
1.420802453901559659e+02
1.420802453901559659e+02
1.420802453901559659e+02
1.420802453901559659e+02
1.421099283501228570e+02
1.422620473807105839e+02
1.422978265762856438e+02
1.425020402253414886e+02
1.425544998345044689e+02
1.432130884110613067e+02
1.432313305841509816e+02
1.433218655583597752e+02
1.433218655583597752e+02
1.434456797105625299e+02
1.435593387833832537e+02
1.435593387833832537e+02
1.438930328849562557e+02
1.438930328849562557e+02
1.440273501891165608e+02
1.440273501891165608e+02
1.444356325460045696e+02
1.444356325460045696e+02
1.447899195285902465e+02
1.450984021807288116e+02
1.451819560183811575e+02
1.452242296960235706e+02
1.453292441162338378e+02
1.453549514155097597e+02
1.456230647642411498e+02
1.456230647642411498e+02
1.456230647642411498e+02
1.456636803870767096e+02
1.456636803870767096e+02
1.460181447700717285e+02
1.462313433049996263e+02
1.464488079576034636e+02
1.466279502953138660e+02
1.468054364022862330e+02
1.470373955787362377e+02
1.472857546217311153e+02
1.472857546217311153e+02
1.473989422616051286e+02
1.473989422616051286e+02
1.475586584673972936e+02
1.477651367720520454e+02
1.477651367720520454e+02
1.477651367720520454e+02
1.477651367720520454e+02
1.479550360462532979e+02
1.479550360462532979e+02
1.479550360462532979e+02
1.479550360462532979e+02
1.479550360462532979e+02
1.479550360462532979e+02
1.480430002391486823e+02
1.480430002391486823e+02
1.484054146134530754e+02
1.486343003475341220e+02
1.486687646331816097e+02
1.489140564073595669e+02
1.489140564073595669e+02
1.490760971469260312e+02
1.490760971469260312e+02
1.492819115112185955e+02
1.493296726645246508e+02
1.493296726645246508e+02
1.493296726645246508e+02
1.493296726645246508e+02
1.493324505587406179e+02
1.495269413678582566e+02
1.496582032477812731e+02
1.496582032477812731e+02
1.496582032477812731e+02
1.497882085837086947e+02
1.497882085837086947e+02
1.498556939632225919e+02
1.499835626094261158e+02
1.500599081695619645e+02
1.500599081695619645e+02
1.501743881243914700e+02
1.502228977070403459e+02
1.502228977070403459e+02
1.504445034734947058e+02
1.505403630247251954e+02
1.505403630247251954e+02
1.505403630247251954e+02
1.506178375377710381e+02
1.506178375377710381e+02
1.506231038991675462e+02
1.506231038991675462e+02
1.506367857033609710e+02
1.506367857033609710e+02
1.506367857033609710e+02
1.509785729421675171e+02
1.512670028521915526e+02
1.513516851078333048e+02
1.513516851078333048e+02
1.513568227592850235e+02
1.513568227592850235e+02
1.514759448284851828e+02
1.514923534970210710e+02
1.514949711794025973e+02
1.515006684350316277e+02
1.515006684350316277e+02
1.517605353283662737e+02
1.518176176234214552e+02
1.518176176234214552e+02
1.522529397474894779e+02
1.523116985798982626e+02
1.524096542589196304e+02
1.527589367663058511e+02
1.528197967691239683e+02
1.528352925001947824e+02
1.528352925001947824e+02
1.529027410090534431e+02
1.531570891510537820e+02
1.531651924056374128e+02
1.533090904348969445e+02
1.536007228211315123e+02
1.538067134586183613e+02
1.539595725469355045e+02
1.540071956953312906e+02
1.540071956953312906e+02
1.541777116248211996e+02
1.541777116248211996e+02
1.545833610974057422e+02
1.548665555697187699e+02
1.549130212041578147e+02
1.549130212041578147e+02
1.551026872367859255e+02
1.551766022957092730e+02
1.554253804456624266e+02
1.554379231551819487e+02
1.554757757925956980e+02
1.554757757925956980e+02
1.555311233638350927e+02
1.560403152172844159e+02
1.560403152172844159e+02
1.560403152172844159e+02
1.560403152172844159e+02
1.560403152172844159e+02
1.560831062593066747e+02
1.560831062593066747e+02
1.561367410669518847e+02
1.562392431180965957e+02
1.562805653290137116e+02
1.562805653290137116e+02
1.564564113462814703e+02
1.569707138064888454e+02
1.569707138064888454e+02
1.575194784972102866e+02
1.577559437281651356e+02
1.580705311944799121e+02
1.580705311944799121e+02
1.581778595471019173e+02
1.583691043235626523e+02
1.586730642222190681e+02
1.587216213059575978e+02
1.588557265229826783e+02
1.590884391095680996e+02
1.593200154325396909e+02
1.594495125978366161e+02
1.595543237847431044e+02
1.595543237847431044e+02
1.598971024447639309e+02
1.598971024447639309e+02
1.600158728987669292e+02
1.604633514772068281e+02
1.604633514772068281e+02
1.606944791926611913e+02
1.608472995750137216e+02
1.609989839624187482e+02
1.612306861452996714e+02
1.614022089501709445e+02
1.614022089501709445e+02
1.615305685796103035e+02
1.617447650676042770e+02
1.618075382666911253e+02
1.618075382666911253e+02
1.618841068202988822e+02
1.623161508513123863e+02
1.625452762676867451e+02
1.625452762676867451e+02
1.625452762676867451e+02
1.626585594333391214e+02
1.626585594333391214e+02
1.628038228007977750e+02
1.630142405594961019e+02
1.631107540408163175e+02
1.637498627135467473e+02
1.637777093140984164e+02
1.637777093140984164e+02
1.639796423727695753e+02
1.639796423727695753e+02
1.643401030067160491e+02
1.646196278305246778e+02
