4.840867366700285501e-01
1.297448454075015079e+00
1.812467129059401660e+00
1.869646185396647509e+00
1.869646185396647509e+00
2.030024036319616254e+00
2.413610369178057269e+00
2.413610369178057269e+00
3.003808436422179540e+00
3.128550239077072526e+00
3.748506141843123363e+00
4.180209779091092592e+00
4.891951432924334320e+00
5.329348538363182008e+00
5.329348538363182008e+00
6.141317351555251491e+00
6.426624546006032723e+00
6.962280954585969184e+00
7.406029526438780763e+00
7.406029526438780763e+00
7.934818596249689548e+00
8.151254221613177364e+00
8.636474742557179951e+00
8.794153000131410991e+00
9.614768609340702099e+00
9.614768609340702099e+00
1.064744404339488959e+01
1.069358869325346362e+01
1.092212570177245823e+01
1.150065425683243880e+01
1.199434203184338266e+01
1.235244269995307675e+01
1.248193286373501998e+01
1.306866816265757514e+01
1.347961674709419633e+01
1.402189350586963101e+01
1.456153332256818445e+01
1.464225940078209653e+01
1.538371271193551948e+01
1.557765496863408750e+01
1.570793444391015292e+01
1.594883658521676928e+01
1.616554516750731096e+01
1.642646392262676613e+01
1.685162913544386498e+01
1.702890677279421894e+01
1.744681831437656427e+01
1.773879445069383465e+01
1.773879445069383465e+01
1.859723758485805689e+01
1.898757311736384423e+01
1.944758761119010160e+01
1.995142867067455228e+01
2.023181437588407761e+01
2.061336624141893736e+01
2.114706387944688259e+01
2.165905015174422843e+01
2.198295087099233314e+01
2.204952704424893284e+01
2.239075297831428557e+01
2.317589665450903524e+01
2.362142545912692171e+01
2.402780408600277795e+01
2.465929528223272271e+01
2.520228440907633072e+01
2.575547016037483061e+01
2.626154992608820393e+01
2.679444717602021697e+01
2.729709638481391565e+01
2.857809668688065230e+01
2.908748522215983456e+01
2.916341484837605691e+01
2.916341484837605691e+01
2.974251550944067546e+01
3.013398526374291464e+01
3.093672189251631721e+01
3.131104066736422098e+01
3.174546937715332717e+01
3.203983864365662981e+01
3.212705143230965632e+01
3.212705143230965632e+01
3.291368450783865285e+01
3.293797812708112360e+01
3.336334736272358725e+01
3.349661053119290699e+01
3.410533517272897797e+01
3.431416184204751119e+01
3.465493745098850553e+01
3.472387960454345546e+01
3.505673373011818938e+01
3.515101949486702893e+01
3.571668685150137890e+01
3.628417402931872715e+01
3.662429677686866114e+01
3.685937462175447621e+01
3.739650530525729266e+01
3.788813789585137215e+01
3.788813789585137215e+01
3.790426816378914765e+01
3.825979917297935629e+01
3.901166268153427552e+01
3.964875306040987368e+01
3.991392846791718085e+01
3.994527402083826217e+01
4.060450197573130993e+01
4.077032397386592777e+01
4.111061333920240202e+01
4.135747186708872647e+01
4.167436707493736492e+01
4.197952227588770313e+01
4.258672050007755416e+01
4.300714568652843894e+01
4.339016402093326263e+01
4.347722259212423523e+01
4.380604382482346892e+01
4.398355778369681701e+01
4.398355778369681701e+01
4.404122294566268181e+01
4.443949894606900841e+01
4.482702435142302733e+01
4.511147016763145956e+01
4.549621056136206931e+01
4.625033826652499869e+01
4.689771785504941448e+01
4.759615191578529192e+01
4.827466042603545304e+01
4.845301622618200099e+01
4.867296030706663856e+01
4.904058831252940820e+01
4.961397465799384321e+01
5.015273064970899952e+01
5.055748161862817369e+01
5.055748161862817369e+01
5.097247940800802013e+01
5.155045572284208788e+01
5.155045572284208788e+01
5.165615458579354424e+01
5.227746281601398692e+01
5.291906182580284224e+01
5.340008053035561630e+01
5.395970877941062582e+01
5.436999588589184640e+01
5.497016627730150873e+01
5.542857295417680064e+01
5.578354885985525158e+01
5.590664611586436195e+01
5.619487304415825690e+01
5.655413406884834160e+01
5.664472212745120316e+01
5.704405948018021633e+01
5.737966210872040307e+01
5.775378515922034950e+01
5.775378515922034950e+01
5.843308485238438976e+01
5.851005279829765726e+01
5.913433414619224493e+01
5.939099997878520298e+01
6.002733033672448926e+01
6.027205932939762789e+01
6.055558822698138499e+01
6.070185869775970389e+01
6.122905535100295538e+01
6.137565052098930352e+01
6.184351691971126286e+01
6.214723521639702852e+01
6.280840063355675085e+01
6.298936122323163289e+01
6.298936122323163289e+01
6.365122288869514477e+01
6.405761158492423135e+01
6.472721138160267174e+01
6.472721138160267174e+01
6.495469360043794893e+01
6.548206925850215043e+01
6.589208500027093862e+01
6.589208500027093862e+01
6.628112367505386260e+01
6.664869701707009142e+01
6.664869701707009142e+01
6.674209765363372071e+01
6.701366682624144744e+01
6.755567266630612266e+01
6.780053175049722824e+01
6.808522520069379880e+01
6.816152308752938893e+01
6.839081844989803471e+01
6.881293940151039124e+01
6.947970119888759655e+01
6.996866875916487061e+01
7.037030872691352101e+01
7.038884697565438842e+01
7.082337670723944711e+01
7.082337670723944711e+01
7.107734261212205240e+01
7.107734261212205240e+01
7.182616216953910282e+01
7.236028783478106163e+01
7.264072059054467445e+01
7.276864008004072559e+01
7.330553293037078788e+01
7.330553293037078788e+01
7.345046122275138600e+01
7.362599060326398615e+01
7.396830422949383887e+01
7.432636906650392916e+01
7.455707137109106952e+01
7.524472202969569423e+01
7.561422494098842151e+01
7.602351780713377138e+01
7.624777020491239909e+01
7.677542725125820766e+01
7.703340713169414755e+01
7.726143823920878617e+01
7.759658189035293674e+01
7.798873772956396522e+01
7.865131421035506776e+01
7.888029143295975132e+01
7.888029143295975132e+01
7.915413359736443510e+01
7.915413359736443510e+01
7.937742839905314440e+01
7.958215907492156305e+01
8.040163773744153275e+01
8.116808855461641770e+01
8.146720503096787525e+01
8.203774434814094718e+01
8.207692492117523386e+01
8.207692492117523386e+01
8.245913448285696745e+01
8.245913448285696745e+01
8.287782327971390828e+01
8.293891156016493937e+01
8.327819264948844591e+01
8.362313865343206487e+01
8.439161491912614110e+01
8.475947405569201010e+01
8.540805443474376091e+01
8.549345165400227131e+01
8.564321876623677099e+01
8.592393022964607496e+01
8.622091153847635780e+01
8.667619526135800356e+01
8.667619526135800356e+01
8.685316724831433532e+01
8.739303606462705432e+01
8.770224859831297692e+01
8.792022400129127391e+01
8.850101633696847614e+01
8.894590861567463946e+01
8.916287889197052152e+01
8.953560122646398156e+01
8.977939946217350098e+01
8.991574590448996673e+01
8.998672074313336111e+01
9.058279344019807411e+01
9.075657773712956100e+01
9.103680123376008737e+01
9.129135693511862826e+01
9.154878496971876700e+01
9.197627898938524993e+01
9.197627898938524993e+01
9.204933638821079001e+01
9.270067776419617189e+01
9.283334310983211424e+01
9.283334310983211424e+01
9.303300448396677780e+01
9.303300448396677780e+01
9.344333121386560492e+01
9.377169577910784426e+01
9.377169577910784426e+01
9.377169577910784426e+01
9.411386908745318181e+01
9.420251202345212960e+01
9.470127008755744669e+01
9.522293426821026685e+01
9.568598266246124240e+01
9.610307449993786122e+01
9.610307449993786122e+01
9.640343687816559282e+01
9.662463480408644045e+01
9.701877978327644314e+01
9.701877978327644314e+01
9.701877978327644314e+01
9.722411023118905860e+01
9.756963483736647902e+01
9.801355767110543127e+01
9.820552102557799401e+01
9.867749873981176734e+01
9.870526393416093924e+01
9.904788757473656347e+01
9.941009224419056522e+01
9.976433671115674429e+01
9.976433671115674429e+01
1.000295787938203489e+02
1.007753086106338998e+02
1.011688806323408016e+02
1.012523427559374198e+02
1.017670147918179993e+02
1.026711348461818289e+02
1.028871654983366000e+02
1.031605041068824420e+02
1.035179091421650526e+02
1.039184072877134355e+02
1.042463327018234054e+02
1.049812374192795517e+02
1.055571281202831955e+02
1.057406186433904622e+02
1.058567158742538368e+02
1.062111707153204350e+02
1.064532234179880135e+02
1.066294460883866293e+02
1.072179488272992245e+02
1.075259502133900327e+02
1.078998513572523876e+02
1.083462821176722883e+02
1.085931943032484810e+02
1.089719746949815971e+02
1.096255004769475505e+02
1.099576058017273823e+02
1.104420688605675025e+02
1.107371550708739107e+02
1.108190676305029001e+02
1.108499212074547415e+02
1.110484734042560291e+02
1.117174138026504124e+02
1.117174138026504124e+02
1.121006193977630829e+02
1.124465849305067877e+02
1.126866300893826320e+02
1.132751756817885536e+02
1.135924965917171079e+02
1.137676854499844410e+02
1.141511764056922544e+02
1.143209850576453306e+02
1.148412999390441200e+02
1.151721017311015629e+02
1.155321543666073012e+02
1.161688783594703978e+02
1.164324198753578230e+02
1.171242023211204497e+02
1.177974032952507741e+02
1.180795915982761528e+02
1.182778943982390558e+02
1.187452850638410240e+02
1.192675041573648542e+02
1.197054248140792225e+02
1.201218331470638248e+02
1.202556654655045776e+02
1.204362907954672579e+02
1.204362907954672579e+02
1.204362907954672579e+02
1.210227403902931655e+02
1.212593343804040984e+02
1.217445235154479377e+02
1.220885462347102077e+02
1.225839384013923166e+02
1.230791092696588720e+02
1.231474819917609409e+02
1.233486343758855242e+02
1.237374239159430545e+02
1.237374239159430545e+02
1.238098320790133045e+02
1.240566426958562971e+02
1.243583045881157148e+02
1.248090059115391028e+02
1.248858599038485124e+02
1.254922598274848724e+02
1.264351692138448868e+02
1.266973048878355854e+02
1.271736332184259481e+02
1.278125283441670632e+02
1.281216408293810218e+02
1.284183811603208483e+02
1.287718176341042238e+02
1.292035530047492387e+02
1.297596090652200189e+02
1.301856793419961207e+02
1.306055378770862774e+02
1.311296622617098819e+02
1.313708321463799109e+02
1.317695586897122553e+02
1.321026324358417980e+02
1.321026324358417980e+02
1.324853243142946155e+02
1.324988755285638149e+02
1.332166359536005871e+02
1.332166359536005871e+02
1.336235643021704504e+02
1.338392427576594343e+02
1.338766473090708473e+02
1.338766473090708473e+02
1.340306454404139629e+02
1.344089296530694924e+02
1.349219419301812195e+02
1.351810407935379885e+02
1.360284787216542952e+02
1.362747153078748568e+02
1.370670346020949353e+02
1.372898162852894473e+02
1.373135275285293346e+02
1.378278301702081023e+02
1.381877543472066634e+02
1.384825212897274866e+02
1.386487327290369649e+02
1.391189585072883403e+02
1.392531609692149175e+02
1.395298302557339412e+02
1.398458955094938858e+02
1.402615116256842498e+02
1.404839743112129895e+02
1.408294590374959796e+02
1.408294590374959796e+02
1.412791336405577454e+02
1.417578685294770935e+02
1.425292911887356979e+02
1.430923797479258610e+02
1.433604362887982973e+02
1.435003027138215543e+02
1.440518858684353347e+02
1.447416013504760315e+02
1.451777797499738085e+02
1.458139415144707698e+02
1.459798987748540071e+02
1.459798987748540071e+02
1.464253434817327388e+02
1.470761465141017084e+02
1.476214186088031397e+02
1.480366787160396882e+02
1.485657659663426671e+02
1.485657659663426671e+02
1.486550192901352148e+02
1.490749040611777332e+02
1.497127208237751290e+02
1.500415054760385374e+02
1.502844169418514753e+02
1.507875177133898319e+02
1.507875177133898319e+02
1.509336903110681476e+02
1.511850049421285291e+02
1.517341220170826546e+02
1.522339004520825938e+02
1.526484604633905633e+02
1.530248648298238265e+02
1.533022212823811117e+02
1.537654654937581711e+02
1.539558811622258077e+02
1.544336180298933527e+02
1.547043151645900707e+02
1.552604200748050971e+02
1.552604200748050971e+02
1.554822825760198839e+02
1.554822825760198839e+02
1.557152828140661427e+02
1.559247764680040689e+02
1.562440875528940580e+02
1.562440875528940580e+02
1.564530676851632052e+02
1.569419259492574383e+02
1.574677251237878579e+02
1.574677251237878579e+02
1.578348673629765813e+02
1.578570915123945895e+02
1.581309004595005376e+02
1.581309004595005376e+02
1.582337773454933938e+02
1.582730041093822138e+02
1.584632081575068696e+02
1.585745783318029112e+02
1.588564391180533448e+02
1.589264470791319184e+02
1.592246283182101081e+02
1.595239585937152071e+02
1.596943453338732581e+02
1.603071028718884179e+02
1.605951709860962353e+02
1.606107252821874170e+02
1.606334302097130546e+02
1.609231548124193694e+02
1.611961578446608598e+02
1.614850237526121930e+02
1.615350317957693562e+02
1.615350317957693562e+02
1.617067235068586513e+02
1.620204410444592042e+02
1.623207790518754052e+02
1.623207790518754052e+02
1.626500772409457340e+02
1.629923098096782326e+02
1.634566542403154585e+02
1.640249235133349544e+02
1.640801118021865364e+02
1.645597144934655489e+02
1.646522137646869623e+02
1.646522137646869623e+02
1.651222253569565339e+02
1.651222253569565339e+02
1.652079412249386507e+02
1.654076264443427817e+02
1.658013031491321385e+02
1.658013031491321385e+02
1.658013031491321385e+02
1.661801599055428937e+02
1.664382133051636856e+02
1.664403720661894681e+02
1.667558852984836335e+02
1.668123358874721873e+02
1.668123358874721873e+02
1.668123358874721873e+02
1.668123358874721873e+02
1.668123358874721873e+02
1.668123358874721873e+02
1.670555739603194070e+02
1.670931864932592248e+02
1.673981387960941731e+02
1.678060770373103878e+02
1.680066421589916956e+02
1.680066421589916956e+02
1.683608499276420503e+02
1.686985368032763688e+02
1.691851014514090821e+02
1.693415218872097512e+02
1.698651901556633277e+02
1.702813716142621558e+02
1.702813716142621558e+02
1.705110843435894878e+02
1.707554841566063999e+02
1.707554841566063999e+02
1.707916708058974109e+02
1.711580799629811906e+02
1.717880416457080628e+02
1.720932662690196651e+02
1.720932662690196651e+02
1.724409837059963309e+02
1.726416936383509437e+02
1.728502382192126845e+02
1.729677216515147222e+02
1.733782371738915913e+02
1.735513461976309486e+02
1.735513461976309486e+02
1.739648142865945033e+02
1.742375746580517841e+02
1.742375746580517841e+02
1.745440145144463600e+02
1.749778324130301428e+02
1.751298136007216328e+02
1.751298136007216328e+02
1.753533219615174232e+02
1.755397378420144037e+02
1.760082679237534649e+02
1.760082679237534649e+02
1.761907138860476323e+02
1.762812124792502289e+02
1.767823550212107762e+02
1.767823550212107762e+02
1.768357929970358953e+02
1.768357929970358953e+02
1.770796993831438897e+02
1.774691080362666469e+02
1.780076670381704957e+02
1.784200590660079229e+02
1.784988415672001736e+02
1.789057700123271673e+02
1.789057700123271673e+02
1.791457123091534811e+02
1.791662757119711102e+02
1.793121651683377422e+02
1.797058471158234738e+02
1.805437445083026660e+02
1.808428515932496339e+02
1.809145058037103979e+02
1.810042251539525751e+02
1.813015156648559127e+02
1.816354454949175761e+02
1.818915741035413021e+02
1.819054827276875983e+02
1.823833818720514159e+02
1.826215874657231666e+02
1.828899892111633676e+02
1.831106836486462441e+02
1.831302847899654296e+02
1.832863281964299347e+02
1.838746193028490552e+02
1.841455006484230807e+02
1.844998366081615586e+02
1.846447058236228713e+02
1.848173076116521258e+02
1.848466457479954386e+02
1.848466457479954386e+02
1.851616175120445291e+02
1.851967146452779218e+02
1.853685297640636520e+02
1.855003779191139301e+02
1.857040098387998341e+02
1.857695936304893678e+02
1.857695936304893678e+02
1.860178079810889926e+02
1.862059414025063404e+02
1.862059414025063404e+02
1.863749009687491593e+02
1.866157823400975815e+02
1.868570402440844589e+02
1.868570402440844589e+02
1.868758600310618192e+02
1.869401708028860583e+02
1.872240688844453587e+02
1.875625752186475665e+02
1.877940314707730920e+02
1.880678243918221710e+02
1.884051742107635334e+02
1.887667172553427974e+02
1.889814452641190314e+02
1.889814452641190314e+02
1.894723670989110360e+02
1.895275770508216056e+02
1.895604316316305074e+02
1.898436392931796775e+02
1.900836843204254478e+02
1.900836843204254478e+02
1.906056410051496357e+02
1.906242121525741311e+02
1.907978174169794841e+02
1.911690641888164350e+02
1.911964979379430360e+02
1.915888798548501768e+02
1.919322721374067555e+02
1.920998833472635283e+02
1.924155347779696683e+02
1.927076637707949374e+02
1.931066346028534610e+02
1.934288056293099203e+02
1.934288056293099203e+02
1.937598454490673987e+02
1.937598454490673987e+02
1.941219593031686657e+02
1.941219593031686657e+02
1.941219593031686657e+02
1.941219593031686657e+02
1.941219593031686657e+02
1.941219593031686657e+02
1.943486875445759381e+02
1.943486875445759381e+02
1.944453959908920808e+02
1.948369602491432033e+02
1.950422852234428603e+02
1.953337637187042333e+02
1.953970072017123414e+02
1.958668879134062308e+02
1.961657824155311118e+02
1.965253823181501502e+02
1.966471121325270417e+02
1.966471121325270417e+02
1.969085190125834401e+02
1.969453934265190753e+02
1.969453934265190753e+02
1.969453934265190753e+02
1.972076211346547154e+02
1.975513830733364102e+02
1.978312912069102083e+02
1.978482085131161341e+02
1.981743609234488019e+02
1.983805368272559519e+02
1.986928904702745342e+02
1.987832226193850147e+02
1.990261423723994483e+02
1.991446888138801512e+02
1.994435754771116933e+02
1.994435754771116933e+02
1.994645030237999492e+02
1.996617605832446429e+02
1.996617605832446429e+02
1.997001529688203902e+02
1.997842262758514948e+02
1.997842262758514948e+02
1.998626865130614192e+02
1.998626865130614192e+02
1.998626865130614192e+02
1.998872045190418305e+02
2.000138505552267532e+02
2.004462135227360022e+02
2.004462135227360022e+02
2.009808303014088722e+02
2.013206254997926976e+02
2.015846318840818299e+02
2.015846318840818299e+02
2.018441822951989764e+02
2.019320524623829272e+02
2.022585381345926407e+02
2.023839807403969075e+02
2.026640026608666574e+02
2.026640026608666574e+02
2.031680667024756701e+02
2.032163177194569528e+02
2.032295857105877417e+02
2.032295857105877417e+02
2.033802617992536170e+02
2.038005280624722673e+02
2.038005280624722673e+02
2.042026615477635971e+02
2.042794356749108431e+02
2.042794356749108431e+02
2.046266200068234866e+02
2.049691918938250410e+02
2.053591321058708843e+02
2.055299198179597511e+02
2.057077893597787011e+02
2.063276149955675862e+02
2.064066544294018399e+02
2.066036439682702337e+02
2.069722793466131350e+02
2.071846206357114966e+02
2.074578871759690344e+02
2.075640157427587553e+02
2.075925714080573812e+02
2.080795129349934030e+02
2.084330250508630513e+02
2.085739114733578106e+02
2.091015243245710167e+02
2.094361082924656614e+02
2.102032204053559497e+02
2.102099701899192041e+02
2.104282791945378506e+02
2.104910943006331365e+02
2.107118238003467923e+02
2.108872880376654848e+02
2.110683355873295000e+02
2.110941558542482426e+02
2.110941558542482426e+02
2.110941558542482426e+02
2.110941558542482426e+02
2.111674775820560512e+02
2.113530683971735868e+02
2.113530683971735868e+02
2.114107508522735372e+02
2.117534881118140504e+02
2.117534881118140504e+02
2.120806114950922563e+02
2.124810287390079679e+02
2.126921076691967016e+02
2.129503408981923940e+02
2.129503408981923940e+02
2.130799672131266504e+02
2.137415685932840290e+02
2.139061718620137356e+02
2.139061718620137356e+02
2.141992050636798979e+02
2.143150690729353869e+02
2.145235325462759590e+02
2.146406605655809017e+02
2.148209750535083344e+02
2.151077358312532510e+02
2.153725115943143464e+02
2.153725115943143464e+02
2.153725115943143464e+02
2.158596029692318439e+02
2.164592361731720302e+02
2.167455310575434737e+02
2.169622788862942855e+02
2.173053811614640551e+02
2.173053811614640551e+02
2.174852054170783049e+02
2.179692746115754005e+02
2.182655339838908048e+02
2.185355902046545680e+02
2.187620916638088602e+02
2.190862405595637199e+02
2.195847236396016342e+02
2.196427825817992527e+02
2.196427825817992527e+02
2.200671502776176851e+02
2.203410218373008149e+02
2.207571549598594345e+02
2.207571549598594345e+02
2.208107893075122377e+02
2.214290563051276024e+02
2.215494539227777011e+02
2.215494539227777011e+02
2.216524083369886853e+02
2.218646248774501544e+02
2.220354367637847588e+02
2.222193588735239302e+02
2.226498328752896043e+02
2.226498328752896043e+02
2.228061815185252783e+02
2.233743463885290623e+02
2.236727833084044335e+02
2.236972720434019664e+02
2.239922722364320293e+02
2.243831264824419520e+02
2.244686523042381339e+02
2.245078642201688979e+02
2.245078642201688979e+02
2.247699958415641959e+02
2.249040456868540048e+02
2.251905321231803896e+02
2.253429001794464170e+02
2.256590291473042100e+02
2.256590291473042100e+02
2.260477878765206583e+02
2.261219265403374834e+02
2.266893384455722469e+02
2.269378983884474223e+02
2.273517163826471403e+02
2.276101278048603831e+02
2.277533990374687960e+02
2.280728433543905851e+02
2.282956860210948662e+02
2.285703645013402650e+02
2.286379004788159648e+02
2.289613833771415727e+02
2.290232061376386241e+02
2.292981645218916356e+02
2.295973935786932998e+02
2.297528222871166577e+02
2.300285527810697204e+02
2.306349086474042451e+02
2.306495280858829631e+02
2.309742652237157188e+02
2.309742652237157188e+02
2.311309231529367025e+02
2.311309231529367025e+02
2.313190838851261901e+02
2.316945124018790807e+02
2.319296023703780349e+02
2.319912627385571966e+02
2.324803861258072004e+02
2.324803861258072004e+02
2.326221881740556228e+02
2.326221881740556228e+02
2.330194398032954552e+02
2.331277905544782527e+02
2.334070486559310780e+02
2.335317407889158403e+02
2.335317407889158403e+02
2.337558840884852316e+02
2.340022500706321296e+02
2.342818328599862809e+02
2.342818328599862809e+02
2.347290722408673957e+02
2.348203886676765819e+02
2.350564832699122633e+02
2.351394491337394186e+02
2.353978602858728948e+02
2.355957531347064844e+02
2.357785765919885819e+02
2.360589860807334901e+02
2.362112946823498305e+02
2.362112946823498305e+02
2.362987675885121917e+02
2.366037064985820848e+02
2.369894751025015580e+02
2.374287193021139615e+02
2.377123125016479435e+02
2.382171214627580866e+02
2.383680640441766911e+02
2.383680640441766911e+02
2.384522063259695415e+02
2.385285631690290700e+02
2.385843173521446090e+02
2.389083938249013954e+02
2.392024109929091935e+02
2.393072113360302069e+02
2.393072113360302069e+02
2.393447235815429224e+02
2.393522313202648206e+02
2.393522313202648206e+02
2.395846763203483931e+02
2.397363349148319571e+02
2.397363349148319571e+02
2.397363349148319571e+02
2.397363349148319571e+02
2.397363349148319571e+02
2.400116919534835631e+02
2.401233572615620631e+02
2.402756837708340072e+02
2.404540693104466982e+02
2.407508251770782124e+02
2.412950476818450056e+02
2.415028628323707380e+02
2.418061325946956401e+02
2.419628062404946718e+02
2.421199888720017839e+02
2.425587953120760574e+02
2.428156663076458983e+02
2.430517648345160637e+02
2.430517648345160637e+02
2.432736502910745457e+02
2.432736502910745457e+02
2.434537270873049408e+02
2.434537270873049408e+02
2.434722821817816225e+02
2.438580649505266535e+02
2.438585845487526456e+02
2.440464885873462322e+02
2.441297404974494896e+02
2.441297404974494896e+02
2.442418712049121154e+02
2.442418712049121154e+02
2.442418712049121154e+02
2.443806066702636315e+02
2.447567287522902291e+02
2.447567287522902291e+02
2.451930954838191496e+02
2.451930954838191496e+02
2.453815889217946449e+02
2.453815889217946449e+02
2.457387428639835321e+02
2.458240835212051252e+02
2.458240835212051252e+02
2.460131044834470231e+02
2.460131044834470231e+02
2.462751402770798848e+02
2.465075519137886602e+02
2.466482073061181666e+02
2.466482073061181666e+02
2.466482073061181666e+02
2.471192501930516698e+02
2.472077071791878495e+02
2.474171585236791771e+02
2.476621675681646764e+02
2.479903963691773470e+02
2.479903963691773470e+02
2.479903963691773470e+02
2.479903963691773470e+02
2.483663021143206890e+02
2.483663021143206890e+02
2.484366696314755814e+02
2.484730608545351913e+02
2.486643190755050057e+02
2.486902994791471997e+02
2.486902994791471997e+02
2.489980283064066384e+02
2.490676204151423008e+02
2.490676204151423008e+02
2.490676204151423008e+02
2.492289170945831813e+02
2.492289170945831813e+02
2.492289170945831813e+02
2.492650911296260006e+02
2.494801573610478442e+02
2.494801573610478442e+02
2.494801573610478442e+02
2.498144151964457080e+02
2.500504245879852192e+02
2.502986094522795781e+02
2.504771653945209664e+02
2.504771653945209664e+02
2.506442151911830365e+02
2.506442151911830365e+02
2.506442151911830365e+02
2.506442151911830365e+02
2.507156521031800196e+02
2.510480769078889978e+02
2.510480769078889978e+02
2.512782125944792426e+02
2.512782125944792426e+02
2.514623327966316992e+02
2.517197306329754269e+02
2.517197306329754269e+02
2.517197306329754269e+02
2.520226643456349507e+02
2.526603443791086363e+02
2.526603443791086363e+02
2.527301219097643923e+02
2.531349625138305441e+02
2.535544759889550903e+02
2.535544759889550903e+02
2.535569628798575366e+02
2.535569628798575366e+02
2.535569628798575366e+02
2.535727692308361441e+02
2.541236907506196303e+02
2.541820409452238891e+02
2.541820409452238891e+02
2.544843763206963274e+02
2.544843763206963274e+02
2.545622165037105731e+02
2.546066425351495184e+02
2.548650688655927752e+02
2.550760202799303045e+02
2.551326630719008222e+02
2.555958107571665323e+02
2.561038809050427858e+02
2.563288191268163132e+02
2.563288191268163132e+02
2.566052013495548749e+02
2.566290515856547358e+02
2.569282131497664636e+02
2.569631129104349725e+02
2.572156325808275028e+02
2.572156325808275028e+02
2.572156325808275028e+02
2.574307270420879377e+02
2.578076739074212469e+02
2.578076739074212469e+02
2.580058361460596075e+02
2.580058361460596075e+02
2.582591781787307355e+02
2.583870445691213718e+02
2.583870445691213718e+02
2.585500431672799664e+02
