2.012954334116585642e-01
4.342693021419554711e-01
6.631764259837653608e-01
1.327831672722746603e+00
2.052757995704697080e+00
2.104673607719808714e+00
2.335717794393632474e+00
2.723249576576137532e+00
3.013710585445894097e+00
3.635979127624740403e+00
4.378510734626119394e+00
4.447351976073287361e+00
5.250316149299438351e+00
5.518129198350513853e+00
5.675514593767413629e+00
5.675514593767413629e+00
6.140076525772303562e+00
6.428920195046298858e+00
6.678380323386517325e+00
7.561513074117349298e+00
8.030849323015065266e+00
8.605055022850821800e+00
8.919736668814753244e+00
9.491898716110540590e+00
1.027819824933213155e+01
1.050952517220530424e+01
1.077380624979532264e+01
1.122177502039886221e+01
1.131483312524544793e+01
1.157116780498492759e+01
1.183450642927083507e+01
1.220479122255732030e+01
1.227865821261962509e+01
1.274611398967895681e+01
1.274611398967895681e+01
1.298614339088275571e+01
1.298614339088275571e+01
1.337515414423423543e+01
1.369741755401171091e+01
1.395757656957375659e+01
1.414743087867272919e+01
1.430264401442946465e+01
1.454732846049185468e+01
1.491669493686323911e+01
1.502446469750928770e+01
1.584018292057795563e+01
1.622586214110261693e+01
1.669279639683150762e+01
1.670253051650928811e+01
1.694292963314740064e+01
1.756217678412694738e+01
1.771583998163147200e+01
1.813947910294526977e+01
1.813947910294526977e+01
1.853934165883460139e+01
1.857375035226289484e+01
1.899980744362470375e+01
1.947194847505531712e+01
1.947194847505531712e+01
1.977317741874206547e+01
2.020070606714733330e+01
2.059681051724011880e+01
2.059681051724011880e+01
2.119529109554757440e+01
2.189076643795694466e+01
2.230214585820513662e+01
2.250274099199609523e+01
2.311254395089901337e+01
2.346486591457066595e+01
2.430479857656398579e+01
2.468887099275770680e+01
2.468887099275770680e+01
2.468887099275770680e+01
2.515301848265693252e+01
2.548872200660439447e+01
2.548872200660439447e+01
2.607206181979143267e+01
2.624306853055854916e+01
2.678132262207051539e+01
2.692544998854860694e+01
2.728796555905741172e+01
2.748001068949634984e+01
2.800030113779283525e+01
2.845493612584245469e+01
2.873045109342196923e+01
2.906879911932153604e+01
2.974882776734107281e+01
3.068964802142451731e+01
3.113485867733829693e+01
3.135657042982030518e+01
3.189547867567478434e+01
3.189547867567478434e+01
3.189547867567478434e+01
3.189547867567478434e+01
3.221921757840517131e+01
3.237479772450993210e+01
3.270295390996363949e+01
3.270295390996363949e+01
3.295044187015616899e+01
3.298473834142203742e+01
3.341604712408517486e+01
3.389525711033589062e+01
3.389525711033589062e+01
3.389525711033589062e+01
3.398516223485641063e+01
3.438398267266637021e+01
3.483859254543821748e+01
3.483859254543821748e+01
3.519777329174651470e+01
3.519777329174651470e+01
3.575390792349386260e+01
3.575390792349386260e+01
3.623810883518707016e+01
3.623810883518707016e+01
3.650240799610880771e+01
3.650240799610880771e+01
3.702182992787543014e+01
3.725424774086200586e+01
3.736132237276408574e+01
3.773479938056063787e+01
3.773929334344316544e+01
3.783177430183781098e+01
3.820457088540026547e+01
3.860911189792070530e+01
3.921232172563635032e+01
3.950329467168243269e+01
3.950329467168243269e+01
3.959035539077351018e+01
3.997221437774126684e+01
4.033388450869311725e+01
4.039956588711699936e+01
4.107059075635025636e+01
4.146484482593080401e+01
4.185234523897120340e+01
4.226355494337920504e+01
4.247484432001037646e+01
4.247484432001037646e+01
4.253993791263852842e+01
4.253993791263852842e+01
4.294300669132210402e+01
4.314214126327836141e+01
4.367631917619608117e+01
4.368111860918184419e+01
4.418273731262950577e+01
4.445876368422032954e+01
4.482120159673497994e+01
4.489876795908173079e+01
4.513612607380616737e+01
4.561353309521036437e+01
4.578246792926742614e+01
4.600264361840397953e+01
4.607334928256073425e+01
4.607334928256073425e+01
4.607334928256073425e+01
4.636231912619575013e+01
4.638053335116753573e+01
4.706482500710372818e+01
4.728119841764065967e+01
4.728119841764065967e+01
4.766758486283074348e+01
4.766758486283074348e+01
4.805387326087444677e+01
4.813439360843028680e+01
4.854821830119831816e+01
4.878689066596675161e+01
4.895004898828442919e+01
4.932741874884131761e+01
4.947455358067612963e+01
5.001764212407019272e+01
5.031706608473911757e+01
5.057270881287013253e+01
5.057270881287013253e+01
5.057270881287013253e+01
5.101953192119829339e+01
5.101953192119829339e+01
5.173175157014116365e+01
5.215592027558334820e+01
5.242947689297654534e+01
5.317309123490183254e+01
5.332383823412217794e+01
5.338214812304043022e+01
5.365937370623358049e+01
5.403723638139612007e+01
5.446844993084333453e+01
5.449041868660303578e+01
5.478559797215565652e+01
5.529755885363917400e+01
5.575255992913556469e+01
5.590149076174797926e+01
5.590149076174797926e+01
5.628067799714158781e+01
5.667491842341502206e+01
5.710352969416145186e+01
5.745694694671059466e+01
5.781920345520072857e+01
5.794769009708797824e+01
5.808632349462185829e+01
5.815052288428155691e+01
5.841180363628527772e+01
5.859995857562017818e+01
5.878776241262594482e+01
5.920643263231376352e+01
5.953944816495545211e+01
5.954690537346760948e+01
6.000014441516014330e+01
6.004628653112063574e+01
6.054093598535398968e+01
6.068353596347652257e+01
6.107670694034092662e+01
6.133103577194880529e+01
6.140328191891042309e+01
6.183957796982624444e+01
6.185152496647311438e+01
6.191706588816970935e+01
6.225218465663344602e+01
6.240977687141609209e+01
6.296788543069867217e+01
6.342961910913486889e+01
6.352431777241955047e+01
6.352431777241955047e+01
6.352431777241955047e+01
6.366901160913252511e+01
6.415321251374059841e+01
6.415321251374059841e+01
6.462867289021042438e+01
6.485868500173182838e+01
6.492495542897627558e+01
6.578013476534454185e+01
6.622839319874930197e+01
6.646267384246029053e+01
6.682032383263216957e+01
6.682212298686788188e+01
6.721837179241560989e+01
6.727886199902367537e+01
6.727886199902367537e+01
6.731941904923404252e+01
6.732247334381396797e+01
6.732247334381396797e+01
6.732876068148037518e+01
6.732876068148037518e+01
6.741720342958011258e+01
6.761123257955767940e+01
6.773684852058590877e+01
6.773684852058590877e+01
6.816579505222519231e+01
6.854858937627935234e+01
6.854858937627935234e+01
6.854858937627935234e+01
6.858908304077209550e+01
6.867116627044171651e+01
6.867116627044171651e+01
6.867116627044171651e+01
6.895345142899554958e+01
6.922856473216377537e+01
6.922856473216377537e+01
6.932036592427080279e+01
6.948762836519755126e+01
6.958392690267606895e+01
6.991771594524286115e+01
7.004649872476298356e+01
7.004649872476298356e+01
7.036267742170825557e+01
7.036267742170825557e+01
7.045349696524122862e+01
7.046933654978248285e+01
7.086813620275577819e+01
7.086813620275577819e+01
7.086813620275577819e+01
7.093233933625523946e+01
7.093233933625523946e+01
7.095690182163743032e+01
7.113562672407293519e+01
7.113562672407293519e+01
7.120728521161863966e+01
7.120728521161863966e+01
7.120728521161863966e+01
7.120728521161863966e+01
7.120728521161863966e+01
7.120728521161863966e+01
7.120728521161863966e+01
7.126930284379120906e+01
7.142411362695479227e+01
7.142411362695479227e+01
7.142411362695479227e+01
7.142411362695479227e+01
7.142411362695479227e+01
7.143204904394326604e+01
7.143204904394326604e+01
7.162380159570597016e+01
7.176193899964702894e+01
7.176193899964702894e+01
7.176193899964702894e+01
7.185243901916331311e+01
7.185243901916331311e+01
7.185243901916331311e+01
7.185243901916331311e+01
7.185243901916331311e+01
7.185243901916331311e+01
7.185243901916331311e+01
7.185243901916331311e+01
7.185243901916331311e+01
7.185481974147434414e+01
7.185481974147434414e+01
7.185481974147434414e+01
7.185481974147434414e+01
7.202099896390305389e+01
7.212234939966882052e+01
7.212234939966882052e+01
7.212234939966882052e+01
7.246545964473935442e+01
7.282802688114499290e+01
7.282802688114499290e+01
7.307461086195819178e+01
7.310085426811025400e+01
7.310085426811025400e+01
7.310085426811025400e+01
7.310085426811025400e+01
7.317315705391679614e+01
7.317315705391679614e+01
7.322449108307117172e+01
7.344105512739712083e+01
7.352351229361319440e+01
7.365174315228190949e+01
7.369443871284804004e+01
7.369443871284804004e+01
7.381122769737969236e+01
7.388257295307037964e+01
7.388257295307037964e+01
7.437212625790419906e+01
7.442523899946884569e+01
7.453919487892483176e+01
7.453919487892483176e+01
7.501684719997713557e+01
7.501684719997713557e+01
7.512560620101629638e+01
7.543096284244845151e+01
7.543096284244845151e+01
7.543096284244845151e+01
7.544777763707732277e+01
7.544777763707732277e+01
7.550157490791264081e+01
7.576365333196379481e+01
7.576365333196379481e+01
7.609158604038641727e+01
7.620016286274686479e+01
7.624385639886186539e+01
7.650056597957933491e+01
7.664521892839357520e+01
7.664521892839357520e+01
7.666360101007818173e+01
7.697677794061834788e+01
7.705380059375836765e+01
7.714265981471592681e+01
7.714265981471592681e+01
7.721957316140434102e+01
7.721957316140434102e+01
7.721957316140434102e+01
7.721957316140434102e+01
7.743642104594590592e+01
7.743642104594590592e+01
7.743642104594590592e+01
7.743642104594590592e+01
7.755863431922369955e+01
7.766850307636073580e+01
7.780865007238186593e+01
7.784451657803091962e+01
7.784451657803091962e+01
7.784451657803091962e+01
7.784451657803091962e+01
7.801904098619544925e+01
7.801904098619544925e+01
7.812308267474436718e+01
7.826866408806435516e+01
7.826866408806435516e+01
7.832665516089146251e+01
7.832665516089146251e+01
7.832665516089146251e+01
7.832665516089146251e+01
7.832665516089146251e+01
7.832665516089146251e+01
7.832665516089146251e+01
7.832665516089146251e+01
7.832665516089146251e+01
7.845187001175034425e+01
7.845187001175034425e+01
7.845187001175034425e+01
7.846320503415405767e+01
7.846320503415405767e+01
7.846320503415405767e+01
7.866166371489990183e+01
7.893390789398034713e+01
7.913374792248779954e+01
7.929670954779155068e+01
7.939532127250666349e+01
7.939532127250666349e+01
7.939532127250666349e+01
7.939532127250666349e+01
7.939532127250666349e+01
7.939532127250666349e+01
7.939532127250666349e+01
7.940550852563971773e+01
7.945206631173446965e+01
7.945206631173446965e+01
7.945206631173446965e+01
7.974529404283444478e+01
7.981258802281185183e+01
8.001607203520983091e+01
8.001607203520983091e+01
8.009765667163995317e+01
8.038407082953423810e+01
8.038407082953423810e+01
8.055567850681512709e+01
8.055567850681512709e+01
8.075311419806456570e+01
8.075311419806456570e+01
8.075311419806456570e+01
8.104627662350917205e+01
8.107719811284708555e+01
8.121018591012744992e+01
8.140677723557878664e+01
8.180471987017260460e+01
8.197998194250247650e+01
8.217701106967297164e+01
8.257950938496840365e+01
8.257950938496840365e+01
8.269459209654769438e+01
8.269459209654769438e+01
8.269459209654769438e+01
8.294393246808813558e+01
8.294393246808813558e+01
8.294393246808813558e+01
8.303624450622214681e+01
8.303624450622214681e+01
8.312566317990263087e+01
8.316513942321503805e+01
8.342724277418378165e+01
8.342724277418378165e+01
8.342724277418378165e+01
8.344212556120746171e+01
8.344212556120746171e+01
8.344212556120746171e+01
8.344212556120746171e+01
8.359576049956123711e+01
8.359576049956123711e+01
8.359576049956123711e+01
8.359576049956123711e+01
8.374829997821663596e+01
8.374829997821663596e+01
8.387122527875303035e+01
8.405766042369707236e+01
8.421415705242193894e+01
8.433891309670860892e+01
8.433891309670860892e+01
8.433891309670860892e+01
8.433891309670860892e+01
8.440013686872725884e+01
8.459192819205924252e+01
8.459192819205924252e+01
8.480249902105465765e+01
8.480249902105465765e+01
8.480249902105465765e+01
8.482382401060517907e+01
8.482382401060517907e+01
8.514697175231422932e+01
8.514697175231422932e+01
8.514697175231422932e+01
8.514697175231422932e+01
8.545971066193126831e+01
8.545971066193126831e+01
8.549069564307413316e+01
8.549069564307413316e+01
8.554744193467321622e+01
8.554744193467321622e+01
8.554744193467321622e+01
8.554744193467321622e+01
8.565370232237964387e+01
8.596892376112963063e+01
8.612900943540742560e+01
8.616847630360510379e+01
8.616847630360510379e+01
8.616847630360510379e+01
8.633357141634668608e+01
8.646267030104326068e+01
8.672149603094230486e+01
8.672149603094230486e+01
8.681049877794508518e+01
8.681049877794508518e+01
8.681049877794508518e+01
8.681049877794508518e+01
8.681049877794508518e+01
8.688801316163397814e+01
8.694186659328860856e+01
8.705213029103597933e+01
8.710620206163535784e+01
8.718788974525894275e+01
8.719105116977770820e+01
8.719105116977770820e+01
8.719105116977770820e+01
8.742445379219107338e+01
8.742445379219107338e+01
8.742445379219107338e+01
8.742445379219107338e+01
8.742445379219107338e+01
8.742445379219107338e+01
8.742445379219107338e+01
8.744397716038253066e+01
8.744397716038253066e+01
8.752128669809982853e+01
8.758541328827058692e+01
8.785970989891896465e+01
8.785970989891896465e+01
8.785970989891896465e+01
8.800560164365546711e+01
8.808857298605271069e+01
8.830420626356287528e+01
8.832958740721991830e+01
8.833845532399132594e+01
8.843316304754894475e+01
8.843316304754894475e+01
8.847423838972736121e+01
8.849222328371872948e+01
8.859427607768675728e+01
8.859427607768675728e+01
8.863355582159130108e+01
8.866444097857045392e+01
8.866444097857045392e+01
8.885710520380604294e+01
8.885710520380604294e+01
8.885710520380604294e+01
8.889507401381764851e+01
8.889507401381764851e+01
8.889507401381764851e+01
8.889507401381764851e+01
8.907489805845141007e+01
8.907489805845141007e+01
8.907489805845141007e+01
8.922739800101338403e+01
8.922739800101338403e+01
8.922739800101338403e+01
8.922739800101338403e+01
8.922739800101338403e+01
8.931707287615081725e+01
8.931707287615081725e+01
8.938779816840917647e+01
8.938779816840917647e+01
8.939427893122679336e+01
8.940352582628540290e+01
8.940352582628540290e+01
8.940352582628540290e+01
8.940352582628540290e+01
8.940352582628540290e+01
8.960222806776432947e+01
8.960222806776432947e+01
8.960222806776432947e+01
8.960222806776432947e+01
8.960222806776432947e+01
8.986111938384065922e+01
8.986111938384065922e+01
9.013310327867900185e+01
9.013310327867900185e+01
9.018486011206761077e+01
9.018486011206761077e+01
9.023937724888888567e+01
9.023937724888888567e+01
9.043755901740368586e+01
9.043755901740368586e+01
9.043755901740368586e+01
9.043755901740368586e+01
9.065721683412080267e+01
9.065721683412080267e+01
9.074999338180987252e+01
9.085018333108338595e+01
9.085018333108338595e+01
9.085018333108338595e+01
9.093962737909504312e+01
9.093962737909504312e+01
9.109070495934176392e+01
9.109070495934176392e+01
9.109070495934176392e+01
9.109070495934176392e+01
9.117204283177989055e+01
9.117204283177989055e+01
9.117204283177989055e+01
9.117204283177989055e+01
9.117204283177989055e+01
9.121502266263716763e+01
9.121502266263716763e+01
9.121502266263716763e+01
9.123223380512388303e+01
9.123223380512388303e+01
9.123223380512388303e+01
9.123223380512388303e+01
9.147333681423880591e+01
9.158519483986628984e+01
9.158519483986628984e+01
9.173230703572703248e+01
9.173230703572703248e+01
9.176402556001016819e+01
9.176402556001016819e+01
9.176402556001016819e+01
9.176402556001016819e+01
9.180637636416008718e+01
9.180637636416008718e+01
9.180637636416008718e+01
9.180964691582488513e+01
9.180964691582488513e+01
9.180964691582488513e+01
9.180964691582488513e+01
9.180964691582488513e+01
9.180964691582488513e+01
9.186285008960754794e+01
9.186285008960754794e+01
9.195979528315338314e+01
9.208481298373783375e+01
9.213226971839272039e+01
9.213226971839272039e+01
9.213226971839272039e+01
9.213226971839272039e+01
9.215462675535083292e+01
9.215462675535083292e+01
9.215462675535083292e+01
9.215462675535083292e+01
9.215462675535083292e+01
9.215462675535083292e+01
9.216735967250480144e+01
9.216735967250480144e+01
9.228213954768673943e+01
9.246538692259397862e+01
9.246538692259397862e+01
9.250837362499706273e+01
9.250837362499706273e+01
9.250837362499706273e+01
9.250837362499706273e+01
9.250837362499706273e+01
9.250837362499706273e+01
9.257095594672759375e+01
9.257095594672759375e+01
9.262064951731326801e+01
9.262064951731326801e+01
9.262064951731326801e+01
9.262064951731326801e+01
9.284313895566251063e+01
9.284313895566251063e+01
9.284313895566251063e+01
9.287218565130970660e+01
9.287218565130970660e+01
9.290931654747679147e+01
9.290931654747679147e+01
9.290931654747679147e+01
9.303944893591560117e+01
9.303944893591560117e+01
9.303944893591560117e+01
9.303944893591560117e+01
9.303944893591560117e+01
9.303944893591560117e+01
9.303944893591560117e+01
9.303944893591560117e+01
9.303944893591560117e+01
9.303944893591560117e+01
9.311741975286399509e+01
9.311741975286399509e+01
9.322336135381530653e+01
9.322336135381530653e+01
9.322336135381530653e+01
9.332318347756458365e+01
9.332318347756458365e+01
9.332318347756458365e+01
9.332318347756458365e+01
9.335351139723438507e+01
9.356127114273873246e+01
9.356127114273873246e+01
9.357776559603371425e+01
9.357776559603371425e+01
9.357776559603371425e+01
9.368468420645571371e+01
9.368468420645571371e+01
9.374121559911878876e+01
9.374121559911878876e+01
9.374121559911878876e+01
9.374121559911878876e+01
9.374121559911878876e+01
9.374121559911878876e+01
9.385197343836176742e+01
9.385197343836176742e+01
9.385197343836176742e+01
9.385197343836176742e+01
9.385197343836176742e+01
9.390133412889197473e+01
9.390133412889197473e+01
9.395152963117405420e+01
9.411435129126297738e+01
9.418092434710034411e+01
9.419568800113606244e+01
9.419568800113606244e+01
9.419568800113606244e+01
9.419568800113606244e+01
9.419568800113606244e+01
9.439932721886674472e+01
9.439932721886674472e+01
9.447038855110108102e+01
9.447038855110108102e+01
9.447038855110108102e+01
9.447038855110108102e+01
9.456792284496023626e+01
9.456792284496023626e+01
9.471597241341589779e+01
9.490757350015279314e+01
9.490757350015279314e+01
9.490757350015279314e+01
9.490757350015279314e+01
9.498228329107776347e+01
9.505960201161953194e+01
9.505960201161953194e+01
9.505960201161953194e+01
9.505960201161953194e+01
9.505960201161953194e+01
9.523882621656053971e+01
9.523882621656053971e+01
9.523882621656053971e+01
9.543915399997784732e+01
9.543915399997784732e+01
9.543915399997784732e+01
9.543915399997784732e+01
9.550467412054824479e+01
9.550467412054824479e+01
9.555391233732966327e+01
9.555391233732966327e+01
9.578429551932319441e+01
9.591141112717978956e+01
9.591141112717978956e+01
9.591141112717978956e+01
9.591141112717978956e+01
9.591141112717978956e+01
9.600651215766167468e+01
9.613328307855292110e+01
9.619394495701573078e+01
9.622077800113129342e+01
9.622077800113129342e+01
9.622077800113129342e+01
9.622077800113129342e+01
9.622077800113129342e+01
9.635717953909532696e+01
9.641390530017160643e+01
9.641390530017160643e+01
9.644859460728541478e+01
9.644859460728541478e+01
9.647936148670251555e+01
9.656573832028038851e+01
9.660576238661705872e+01
9.660576238661705872e+01
9.674623821696904713e+01
9.674623821696904713e+01
9.686452996742990251e+01
9.686452996742990251e+01
9.709740720604619924e+01
9.713298557687124912e+01
9.717156106394457993e+01
9.720950941419827984e+01
9.720950941419827984e+01
9.720950941419827984e+01
9.720950941419827984e+01
9.720950941419827984e+01
9.720950941419827984e+01
9.720950941419827984e+01
9.741898127532994067e+01
9.741898127532994067e+01
9.741898127532994067e+01
9.751484334162414314e+01
9.751484334162414314e+01
9.760014144726719110e+01
9.770858390188894305e+01
9.770858390188894305e+01
9.770858390188894305e+01
9.770858390188894305e+01
9.775464412303266215e+01
9.798513037557671623e+01
9.801735395654543481e+01
9.809729705282734358e+01
9.824355708081661476e+01
9.824355708081661476e+01
9.827436470476864372e+01
9.827436470476864372e+01
9.829951411219245472e+01
9.829951411219245472e+01
9.829951411219245472e+01
9.829951411219245472e+01
9.829951411219245472e+01
9.829951411219245472e+01
9.842045173960012505e+01
9.850608647131140572e+01
9.850608647131140572e+01
9.850608647131140572e+01
9.850608647131140572e+01
9.850608647131140572e+01
9.868772361717736885e+01
9.868772361717736885e+01
9.884589359652146356e+01
9.884589359652146356e+01
9.888342081861266308e+01
9.901132026045317502e+01
9.901132026045317502e+01
9.901132026045317502e+01
9.901132026045317502e+01
9.901132026045317502e+01
9.901132026045317502e+01
9.908269127878675420e+01
9.908269127878675420e+01
9.908269127878675420e+01
9.908269127878675420e+01
9.919873118992624939e+01
9.919873118992624939e+01
9.919873118992624939e+01
9.932643328267832317e+01
9.941124505724742733e+01
9.941124505724742733e+01
9.941124505724742733e+01
9.942348115384842799e+01
9.942348115384842799e+01
9.942348115384842799e+01
9.942348115384842799e+01
9.942348115384842799e+01
9.942348115384842799e+01
9.942348115384842799e+01
9.944532130648363477e+01
9.944532130648363477e+01
9.953189981286315913e+01
9.953189981286315913e+01
9.961100096016056682e+01
9.961100096016056682e+01
9.961100096016056682e+01
9.961100096016056682e+01
9.961100096016056682e+01
9.961100096016056682e+01
9.961100096016056682e+01
9.961100096016056682e+01
9.964284251893110422e+01
9.964284251893110422e+01
9.964284251893110422e+01
9.964284251893110422e+01
9.964284251893110422e+01
9.965393684411961317e+01
9.967551882032576316e+01
9.967551882032576316e+01
9.967551882032576316e+01
9.967551882032576316e+01
9.967551882032576316e+01
9.967551882032576316e+01
9.967551882032576316e+01
9.967551882032576316e+01
9.970767549547501574e+01
9.970767549547501574e+01
9.970767549547501574e+01
9.973978711008498976e+01
9.973978711008498976e+01
9.973978711008498976e+01
9.973978711008498976e+01
9.973978711008498976e+01
9.973978711008498976e+01
9.976997889750775528e+01
9.976997889750775528e+01
9.988224169617132020e+01
9.988224169617132020e+01
9.990446647959547022e+01
9.990446647959547022e+01
9.990446647959547022e+01
9.993383536693795577e+01
9.993383536693795577e+01
9.993383536693795577e+01
1.000476388261110543e+02
1.001380877374584344e+02
1.001527605082561223e+02
1.002319946737230509e+02
1.003235001367252011e+02
1.003235001367252011e+02
1.003235001367252011e+02
1.003307204123828740e+02
1.003307204123828740e+02
1.004465361455062862e+02
1.005296974622126527e+02
1.006073437597928688e+02
1.006073437597928688e+02
1.006073437597928688e+02
1.006073437597928688e+02
1.006429584990742399e+02
1.007380294257300193e+02
1.007380294257300193e+02
1.007635124199865970e+02
1.008018465058391939e+02
1.008018465058391939e+02
1.009020859328414446e+02
1.009020859328414446e+02
1.009179202587478272e+02
1.009179202587478272e+02
1.009179202587478272e+02
1.010273181677556664e+02
1.011322287404170339e+02
1.011322287404170339e+02
1.013004960122310223e+02
1.013004960122310223e+02
1.013530122678942860e+02
1.013530122678942860e+02
1.013530122678942860e+02
1.014150302014006542e+02
1.014150302014006542e+02
1.015344008207301556e+02
1.015964003286806729e+02
1.015964003286806729e+02
1.017723317313548108e+02
1.017723317313548108e+02
1.017723317313548108e+02
1.017723317313548108e+02
1.017723317313548108e+02
1.017723317313548108e+02
1.017723317313548108e+02
1.019298362513835627e+02
1.020544541034038701e+02
1.020544541034038701e+02
1.022173205346922771e+02
1.022173205346922771e+02
1.022173205346922771e+02
1.022173205346922771e+02
1.023571775995842472e+02
1.023571775995842472e+02
1.023571775995842472e+02
1.023571775995842472e+02
1.025348902376167217e+02
1.026971263815030682e+02
1.026971263815030682e+02
1.026971263815030682e+02
1.026971263815030682e+02
1.026971263815030682e+02
1.026971263815030682e+02
1.026971263815030682e+02
1.026971263815030682e+02
1.026971263815030682e+02
1.027535047511243675e+02
1.028753423926673491e+02
1.028753423926673491e+02
1.028852018290850623e+02
1.028852018290850623e+02
1.028980720896420280e+02
1.028980720896420280e+02
1.028980720896420280e+02
1.028980720896420280e+02
1.030722323063567671e+02
1.030722323063567671e+02
1.030722323063567671e+02
1.030722323063567671e+02
1.030722323063567671e+02
1.030722323063567671e+02
1.030722323063567671e+02
1.030722323063567671e+02
1.030722323063567671e+02
1.030722323063567671e+02
1.032170008207007044e+02
1.032170008207007044e+02
1.032170008207007044e+02
1.032170008207007044e+02
1.032170008207007044e+02
1.032601876282384978e+02
1.032601876282384978e+02
1.032846287871648627e+02
1.032846287871648627e+02
1.033041106157447899e+02
1.033041106157447899e+02
1.036112271359523902e+02
1.036112271359523902e+02
1.036112271359523902e+02
1.036112271359523902e+02
1.036112271359523902e+02
1.036112271359523902e+02
1.036531911110853770e+02
1.036816814174915606e+02
1.037629162588762171e+02
1.037880736846817058e+02
1.037880736846817058e+02
1.038785243772242666e+02
1.040929967286927393e+02
1.040934066319460527e+02
1.040934066319460527e+02
1.041456622272230703e+02
1.041456622272230703e+02
1.041716437740207226e+02
1.044153030233121768e+02
1.045241008222332511e+02
1.045241008222332511e+02
1.046345862383761300e+02
1.046345862383761300e+02
1.046345862383761300e+02
1.047374776375941963e+02
1.048527263951147717e+02
1.048811412089395674e+02
1.048811412089395674e+02
1.049030554537170161e+02
1.049030554537170161e+02
1.049030554537170161e+02
1.049030554537170161e+02
1.049030554537170161e+02
1.049030554537170161e+02
1.049030554537170161e+02
