4.923848611141421472e-01
1.077698821789397021e+00
1.758411860360958645e+00
1.853802548841348319e+00
2.710637215667357935e+00
3.063062824507355675e+00
3.150316155560842546e+00
3.340480545965538894e+00
4.015215498472656463e+00
4.233326039541331909e+00
4.628588672016862304e+00
4.753072737234399270e+00
5.305365650397775745e+00
5.769792122413586632e+00
6.070726122922192047e+00
6.506294651369175952e+00
6.936122161736207659e+00
7.561217395779960881e+00
8.168788630122422845e+00
8.525134954324512293e+00
8.858782138053117095e+00
9.161798333198797550e+00
1.007019591262736924e+01
1.037478404770230611e+01
1.038064742768009374e+01
1.053696181436161439e+01
1.078257542790954560e+01
1.109372341332560197e+01
1.109372341332560197e+01
1.179963282725345941e+01
1.184304010919473704e+01
1.200719949021932464e+01
1.231574026279320222e+01
1.286735965805041637e+01
1.336623499429940765e+01
1.393359101536057132e+01
1.452161953376940318e+01
1.541048334602156444e+01
1.562444361815273197e+01
1.634645350866292546e+01
1.666158799773782206e+01
1.702028416458453819e+01
1.732597732771933607e+01
1.780482538335544618e+01
1.780482538335544618e+01
1.804650495599654292e+01
1.869738010182446430e+01
1.939171848912958041e+01
1.966715062447912032e+01
2.001044025441125385e+01
2.048203149254740651e+01
2.104937007314850561e+01
2.146955855877398633e+01
2.185578540408807768e+01
2.243646492441525808e+01
2.271073076702383631e+01
2.309317416702667813e+01
2.343848644158479999e+01
2.412248459354808006e+01
2.414801537892618910e+01
2.455139138856061365e+01
2.455139138856061365e+01
2.478516525306199370e+01
2.517514942401496825e+01
2.527242776961562853e+01
2.609164899103241453e+01
2.614694285869178714e+01
2.641893387480498134e+01
2.714556890404971057e+01
2.775985618434261326e+01
2.881831844925262587e+01
2.935955579842262253e+01
2.979760016869698447e+01
3.043702071359842165e+01
3.043702071359842165e+01
3.078863895948051521e+01
3.106059513320385790e+01
3.135608360171293540e+01
3.135608360171293540e+01
3.157580283148423561e+01
3.171636830874579260e+01
3.171636830874579260e+01
3.177258056160179933e+01
3.219004515259953791e+01
3.256268490528658788e+01
3.303554428055845449e+01
3.365543731320084220e+01
3.423498824719394662e+01
3.472229764524982443e+01
3.560510442506014783e+01
3.562964503671055638e+01
3.603375028687638348e+01
3.669920340808830161e+01
3.731789544029157213e+01
3.766382509489459096e+01
3.766382509489459096e+01
3.807083544445140433e+01
3.841848051350949333e+01
3.903226110714743413e+01
3.915272731172314735e+01
3.943694546206880602e+01
3.952817971207081627e+01
3.983819442587840598e+01
4.021352770565714962e+01
4.032197265277670084e+01
4.075221176705009896e+01
4.075221176705009896e+01
4.104975801670231306e+01
4.156902700004017959e+01
4.164849208140967818e+01
4.208387933148139126e+01
4.235186275686471902e+01
4.279751162523631791e+01
4.316036975787905305e+01
4.349118231177715188e+01
4.408674308456046731e+01
4.428462116463423115e+01
4.462202632896555343e+01
4.482488185239186151e+01
4.502483692977824603e+01
4.535165162491973945e+01
4.561625433856768552e+01
4.638250593513897968e+01
4.680332568597799536e+01
4.752750510154798746e+01
4.778687438038236479e+01
4.821221764548925393e+01
4.822688211614571685e+01
4.874489206885764503e+01
4.931951930782178550e+01
4.931951930782178550e+01
4.931951930782178550e+01
4.967343192455430056e+01
4.995050513357008271e+01
5.037888310606766140e+01
5.086631614472779717e+01
5.111208129533741840e+01
5.136538404501502697e+01
5.177370348148627954e+01
5.220724647647789141e+01
5.252533164193687298e+01
5.278619519086859668e+01
5.278619519086859668e+01
5.321327415860139354e+01
5.321327415860139354e+01
5.349567696282149143e+01
5.383412430489534017e+01
5.438722605477132532e+01
5.443572192285604672e+01
5.465089366091758905e+01
5.465089366091758905e+01
5.465089366091758905e+01
5.487825459343120116e+01
5.526644262017105547e+01
5.545032112691556847e+01
5.548784237917784168e+01
5.548784237917784168e+01
5.559778260994166743e+01
5.559778260994166743e+01
5.621390660397624828e+01
5.664448135480122914e+01
5.696733829311713038e+01
5.697350350170498956e+01
5.719234150839451303e+01
5.771667902580986009e+01
5.771667902580986009e+01
5.803044226401284789e+01
5.828804017488987199e+01
5.848764631097358802e+01
5.883885264519101810e+01
5.895910768429149584e+01
5.927377003481940676e+01
5.993919151208773144e+01
6.022479584767043548e+01
6.039918843229471435e+01
6.059240691860293282e+01
6.059240691860293282e+01
6.059240691860293282e+01
6.059753660159484667e+01
6.069739042052024303e+01
6.109287268805999815e+01
6.144442565815328550e+01
6.176342515799824895e+01
6.201877408709050599e+01
6.248731146866435893e+01
6.265536129921959230e+01
6.289243090073393461e+01
6.299153701425777285e+01
6.316279974937767605e+01
6.320024185088925606e+01
6.371850336858516783e+01
6.371850336858516783e+01
6.402016799973588945e+01
6.421295940495876664e+01
6.445440986404936723e+01
6.467795745108087146e+01
6.474451942222006551e+01
6.474451942222006551e+01
6.474451942222006551e+01
6.496993013348790669e+01
6.507096073544221326e+01
6.507096073544221326e+01
6.525330831924202357e+01
6.537602626624894242e+01
6.573134029188683769e+01
6.573134029188683769e+01
6.593083661882471347e+01
6.593083661882471347e+01
6.593083661882471347e+01
6.595740645725400952e+01
6.612038181006825255e+01
6.626658381544061172e+01
6.626658381544061172e+01
6.649140139177393394e+01
6.649140139177393394e+01
6.649140139177393394e+01
6.657991838372174698e+01
6.692554301386564930e+01
6.739486867907989165e+01
6.739669559814967670e+01
6.768467504716139160e+01
6.768467504716139160e+01
6.803971411111548662e+01
6.803971411111548662e+01
6.803971411111548662e+01
6.818998005371457793e+01
6.831622310420301858e+01
6.850921149475698257e+01
6.858905640817859251e+01
6.884048372071204369e+01
6.911761354684558967e+01
6.911761354684558967e+01
6.945052429907507019e+01
6.960617455576566215e+01
6.960617455576566215e+01
6.969144714561458898e+01
6.992924456323422078e+01
7.033649763584364223e+01
7.051564185902016391e+01
7.067878218889107700e+01
7.073821886737549391e+01
7.080124077031877050e+01
7.091863467118538722e+01
7.106039863854087457e+01
7.121105219806868547e+01
7.129534805787973539e+01
7.149268037309616375e+01
7.159438252211494103e+01
7.198051681245999589e+01
7.211861425889132704e+01
7.211861425889132704e+01
7.237183529854151232e+01
7.237183529854151232e+01
7.237183529854151232e+01
7.270195328932358336e+01
7.312731404804326019e+01
7.314648722875870135e+01
7.314648722875870135e+01
7.356303444673365277e+01
7.365293497261357913e+01
7.386466271925233684e+01
7.429718496436660757e+01
7.429718496436660757e+01
7.451218551146320124e+01
7.451218551146320124e+01
7.463294195778539120e+01
7.490599101393286219e+01
7.522654806338729827e+01
7.522654806338729827e+01
7.522654806338729827e+01
7.550942308632504307e+01
7.602475386730380080e+01
7.602475386730380080e+01
7.662180841232142825e+01
7.715623612017726884e+01
7.727677171327457017e+01
7.752134246809391982e+01
7.788438936294528503e+01
7.848990142606189124e+01
7.848990142606189124e+01
7.908173482107507368e+01
7.970466202205616923e+01
8.045105216784519087e+01
8.061305214016530840e+01
8.110085863520784244e+01
8.159105327280741449e+01
8.159105327280741449e+01
8.166178488989568507e+01
8.179661531725110990e+01
8.219495899917788506e+01
8.264743113787638151e+01
8.294309886833059409e+01
8.298579659518192386e+01
8.326001614376933446e+01
8.331087344162729380e+01
8.340076136243094140e+01
8.402092877157458872e+01
8.402092877157458872e+01
8.475159921234016736e+01
8.475159921234016736e+01
8.516262388656718940e+01
8.516262388656718940e+01
8.541985658869096198e+01
8.566907102191991896e+01
8.587336451731373188e+01
8.587336451731373188e+01
8.597414542559768336e+01
8.690060029387588258e+01
8.721684121226778075e+01
8.742976706740037685e+01
8.805375448231060886e+01
8.835263131420519755e+01
8.835263131420519755e+01
8.835263131420519755e+01
8.839764091667416324e+01
8.889070473207938505e+01
8.893250335858839151e+01
8.902910657205458733e+01
8.902910657205458733e+01
8.902910657205458733e+01
8.950914971028124967e+01
8.964794257502077812e+01
8.964794257502077812e+01
8.993743845018902050e+01
8.993743845018902050e+01
9.020782988612296549e+01
9.020782988612296549e+01
9.033505318930286876e+01
9.077981869458272968e+01
9.128147545115341188e+01
9.158156079219240553e+01
9.158156079219240553e+01
9.158156079219240553e+01
9.168718109595104693e+01
9.173261777720655630e+01
9.176465550996452691e+01
9.176465550996452691e+01
9.215786606490134147e+01
9.230716582189339192e+01
9.239530597035850690e+01
9.282506874800338892e+01
9.303628159330024516e+01
9.303628159330024516e+01
9.323692112519687214e+01
9.323692112519687214e+01
9.323692112519687214e+01
9.323692112519687214e+01
9.347628230303374153e+01
9.350708195993807692e+01
9.365689783089676723e+01
9.380938072824594087e+01
9.380938072824594087e+01
9.380938072824594087e+01
9.413002314837379458e+01
9.457670909379548618e+01
9.463171376323485617e+01
9.493128018948358715e+01
9.493930251222633387e+01
9.505790463835099047e+01
9.548691600025320270e+01
9.586320807907131325e+01
9.619914342469805035e+01
9.670318960866285352e+01
9.736106748366968588e+01
9.790880051766636427e+01
9.855304381723107099e+01
9.871097810037436204e+01
9.894820500036284727e+01
9.917665509623338949e+01
9.971746635244473111e+01
9.992175882914760621e+01
1.003058767441005017e+02
1.003058767441005017e+02
1.004905543906511838e+02
1.004905543906511838e+02
1.004905543906511838e+02
1.005843901389495727e+02
1.008402252424584589e+02
1.011194331822009929e+02
1.012753906703035796e+02
1.015108224659318381e+02
1.019208965957114401e+02
1.019208965957114401e+02
1.025630753636809089e+02
1.028177593723373491e+02
1.031886952524885714e+02
1.034986234622792551e+02
1.037092947451159404e+02
1.037092947451159404e+02
1.037707092978449452e+02
1.039396717081413897e+02
1.044844728227901669e+02
1.050470584886505208e+02
1.050470584886505208e+02
1.051861850565048968e+02
1.054358758066788795e+02
1.058268965236635069e+02
1.062725114916156741e+02
1.065475922597451444e+02
1.066270196847917191e+02
1.072771788186320236e+02
1.073289787888671469e+02
1.073830568034543944e+02
1.073830568034543944e+02
1.073830568034543944e+02
1.074908357624780137e+02
1.076013837565984232e+02
1.076013837565984232e+02
1.076013837565984232e+02
1.080311356702910643e+02
1.081888165721578901e+02
1.083659118527513101e+02
1.083659118527513101e+02
1.087159242259927225e+02
1.087159242259927225e+02
1.089605906658027408e+02
1.090892772821115528e+02
1.091911505475271298e+02
1.091911505475271298e+02
1.094191180850139915e+02
1.096461481251550509e+02
1.100267541026451426e+02
1.102109700532579524e+02
1.102171483470377922e+02
1.104778163073052184e+02
1.107151298588211432e+02
1.107151298588211432e+02
1.107699509020870750e+02
1.109099100734025853e+02
1.110108941663017816e+02
1.111912062032919124e+02
1.112121950110897330e+02
1.114200820855335223e+02
1.114200820855335223e+02
1.116300653376450640e+02
1.116300653376450640e+02
1.116300653376450640e+02
1.117080013873876965e+02
1.117080013873876965e+02
1.117523400440605599e+02
1.119128388098261695e+02
1.119128388098261695e+02
1.120526285451233690e+02
1.120526285451233690e+02
1.120526285451233690e+02
1.124453119103081775e+02
1.125400500831531332e+02
1.126350315314922170e+02
1.130173028935284947e+02
1.130882427981743632e+02
1.133588720089607165e+02
1.133588720089607165e+02
1.133588720089607165e+02
1.138034562963646437e+02
1.140496229568798441e+02
1.143403539901058679e+02
1.143403539901058679e+02
1.146981801614030445e+02
1.148834705714279920e+02
1.150563508173125058e+02
1.151712245800400751e+02
1.156106134376195200e+02
1.156106134376195200e+02
1.156106134376195200e+02
1.159042016807699582e+02
1.159042016807699582e+02
1.160228520027484791e+02
1.164776407141796284e+02
1.164776407141796284e+02
1.168573584920052468e+02
1.168791136958880230e+02
1.168791136958880230e+02
1.173992466602623210e+02
1.173992466602623210e+02
1.175069596420041620e+02
1.177843784339532078e+02
1.178334396953630545e+02
1.178334396953630545e+02
1.178534354231198193e+02
1.179127573380918079e+02
1.180044598028338356e+02
1.180044598028338356e+02
1.180044598028338356e+02
1.180044598028338356e+02
1.183138491351303969e+02
1.183426970937058087e+02
1.185355583557493873e+02
1.185355583557493873e+02
1.187080325589243728e+02
1.188919696040251353e+02
1.190178746037683624e+02
1.190178746037683624e+02
1.190178746037683624e+02
1.191562239323200885e+02
1.191562239323200885e+02
1.191562239323200885e+02
1.194548270468327473e+02
1.194548270468327473e+02
1.195891565052793624e+02
1.196168580132269739e+02
1.196168580132269739e+02
1.196168580132269739e+02
1.198148365159929654e+02
1.198148365159929654e+02
1.198148365159929654e+02
1.198148365159929654e+02
1.200641158219662401e+02
1.200641158219662401e+02
1.200641158219662401e+02
1.200641158219662401e+02
1.200641158219662401e+02
1.203733747933335394e+02
1.203733747933335394e+02
1.203733747933335394e+02
1.203733747933335394e+02
1.205213868421343761e+02
1.205213868421343761e+02
1.205213868421343761e+02
1.206837738632449515e+02
1.207099125031468958e+02
1.209969551720397760e+02
1.210511228873181437e+02
1.211517016565781830e+02
1.213846844906886986e+02
1.216815750951900696e+02
1.221051433067072907e+02
1.221756716178296642e+02
1.222563873014232456e+02
1.222563873014232456e+02
1.224121337509927230e+02
1.224121337509927230e+02
1.226058881796193702e+02
1.226201338678170885e+02
1.226201338678170885e+02
1.226201338678170885e+02
1.226201338678170885e+02
1.226201338678170885e+02
1.226201338678170885e+02
1.228195162937423675e+02
1.230559093634055756e+02
1.230559093634055756e+02
1.230575938990158704e+02
1.230575938990158704e+02
1.231340075280502759e+02
1.235594765944427280e+02
1.236984798508499210e+02
1.236984798508499210e+02
1.236984798508499210e+02
1.237364958733129470e+02
1.239008795565643481e+02
1.239008795565643481e+02
1.239994859203934396e+02
1.240033460418690368e+02
1.241439205139262185e+02
1.241439205139262185e+02
1.241439205139262185e+02
1.244253273796294650e+02
1.244253273796294650e+02
1.244253273796294650e+02
1.244253273796294650e+02
1.244644807937572892e+02
1.244644807937572892e+02
1.244644807937572892e+02
1.244945258762975584e+02
1.244945258762975584e+02
1.244945258762975584e+02
1.249757577236428006e+02
1.249757577236428006e+02
1.249757577236428006e+02
1.250292199202134498e+02
1.251608685866980295e+02
1.252265092313270145e+02
1.254701005547078267e+02
1.254701005547078267e+02
1.255178708636669853e+02
1.257122559029720463e+02
1.257122559029720463e+02
1.257632538627779724e+02
1.257632538627779724e+02
1.259985886025194901e+02
1.259985886025194901e+02
1.259985886025194901e+02
1.260967064240062712e+02
1.265472308467926439e+02
1.265472308467926439e+02
1.265472308467926439e+02
1.268221347191858541e+02
1.268828128109585549e+02
1.269773364486562315e+02
1.269773364486562315e+02
1.269773364486562315e+02
1.269773364486562315e+02
1.271323825535454688e+02
1.274363066392448616e+02
1.274363066392448616e+02
1.274363066392448616e+02
1.275212328862750013e+02
1.280948949833710913e+02
1.283086842652697896e+02
1.285867568079843295e+02
1.288472538492848116e+02
1.290710716384011505e+02
1.290710716384011505e+02
1.290710716384011505e+02
1.292480716489997690e+02
1.293801743584951680e+02
1.293801743584951680e+02
1.294423232147798331e+02
1.295434799382382494e+02
1.296830468939066350e+02
1.296830468939066350e+02
1.296830468939066350e+02
1.300983596186141824e+02
1.303543673833287926e+02
1.305698913851332179e+02
1.307065446760873613e+02
1.307065446760873613e+02
1.307102009697548226e+02
1.307102009697548226e+02
1.307713863518818016e+02
1.307713863518818016e+02
1.307713863518818016e+02
1.307713863518818016e+02
1.307713863518818016e+02
1.308837799665604393e+02
1.308837799665604393e+02
1.308837799665604393e+02
1.309494784264583132e+02
1.310712591870514814e+02
1.310712591870514814e+02
1.311711098226606111e+02
1.312310773163620183e+02
1.312310773163620183e+02
1.312310773163620183e+02
1.314902354075294113e+02
1.315380392534918599e+02
1.316423065503495025e+02
1.316423065503495025e+02
1.316423065503495025e+02
1.316423065503495025e+02
1.317202787360625962e+02
1.317202787360625962e+02
1.318281847410296734e+02
1.318281847410296734e+02
1.318350726024082746e+02
1.318350726024082746e+02
1.319862337354555848e+02
1.320437804803273991e+02
1.320437804803273991e+02
1.321237597685376954e+02
1.321237597685376954e+02
1.321237597685376954e+02
1.322611882332353446e+02
1.324038087427529717e+02
1.324038087427529717e+02
1.324038087427529717e+02
1.326083131501880246e+02
1.326083131501880246e+02
1.326083131501880246e+02
1.326521797998665022e+02
1.327281370256492039e+02
1.327281370256492039e+02
1.328154724925350649e+02
1.330180714291489608e+02
1.330392110913579984e+02
1.330392110913579984e+02
1.330392110913579984e+02
1.330392110913579984e+02
1.330392110913579984e+02
1.330392110913579984e+02
1.332229654767377554e+02
1.333084897833713853e+02
1.333084897833713853e+02
1.333084897833713853e+02
1.334564813776001984e+02
1.334701512589222716e+02
1.334701512589222716e+02
1.335402854256383023e+02
1.335402854256383023e+02
1.336188703531221051e+02
1.336188703531221051e+02
1.337323874717932597e+02
1.337344787669255766e+02
1.337344787669255766e+02
1.337344787669255766e+02
1.337344787669255766e+02
1.337894045490970711e+02
1.337894045490970711e+02
1.338151798648987665e+02
1.338462339257349072e+02
1.338462339257349072e+02
1.338462339257349072e+02
1.338462339257349072e+02
1.338462339257349072e+02
1.338462339257349072e+02
1.338462339257349072e+02
1.338462339257349072e+02
1.338462339257349072e+02
1.338462339257349072e+02
1.338895840097370353e+02
1.338895840097370353e+02
1.338895840097370353e+02
1.338895840097370353e+02
1.338895840097370353e+02
1.338895840097370353e+02
1.338895840097370353e+02
1.338895840097370353e+02
1.339193507745531520e+02
1.339193507745531520e+02
1.339193507745531520e+02
1.339462096679184526e+02
1.339462096679184526e+02
1.339462096679184526e+02
1.339647056434380374e+02
1.339647056434380374e+02
1.339647056434380374e+02
1.340565268083184947e+02
1.341574967879174380e+02
1.341574967879174380e+02
1.341574967879174380e+02
1.341732407846731405e+02
1.341732407846731405e+02
1.341732407846731405e+02
1.342711367165396439e+02
1.344587013085911735e+02
1.344587013085911735e+02
1.344587013085911735e+02
1.344587013085911735e+02
1.344587013085911735e+02
1.345255480511145834e+02
1.346468855324536378e+02
1.346468855324536378e+02
1.346966028228227117e+02
1.348191578246353117e+02
1.348191578246353117e+02
1.348191578246353117e+02
1.348191578246353117e+02
1.349941062545628654e+02
1.350307093148444437e+02
1.350307093148444437e+02
1.350307093148444437e+02
1.351664930161876441e+02
1.351664930161876441e+02
1.351664930161876441e+02
1.353039290391072313e+02
1.353039290391072313e+02
1.354461489932599250e+02
1.354461489932599250e+02
1.354461489932599250e+02
1.354461489932599250e+02
1.354461489932599250e+02
1.354461489932599250e+02
1.356169056469886982e+02
1.358082261782522835e+02
1.358788369374031504e+02
1.358788369374031504e+02
1.358788369374031504e+02
1.360700720260668106e+02
1.360700720260668106e+02
1.360700720260668106e+02
1.360700720260668106e+02
1.362569190456025581e+02
1.362569190456025581e+02
1.362569190456025581e+02
1.362569190456025581e+02
1.362569190456025581e+02
1.363912966802649294e+02
1.364506084110531106e+02
1.364506084110531106e+02
1.364506084110531106e+02
1.364506084110531106e+02
1.364506084110531106e+02
1.364506084110531106e+02
1.364506084110531106e+02
1.364506084110531106e+02
1.364506084110531106e+02
1.364506084110531106e+02
1.364506084110531106e+02
1.364506084110531106e+02
1.364641007244615878e+02
1.364641007244615878e+02
1.364641007244615878e+02
1.364641007244615878e+02
1.365296999838833187e+02
1.365296999838833187e+02
1.365296999838833187e+02
1.365681571271867369e+02
1.365681571271867369e+02
1.365681571271867369e+02
1.365681571271867369e+02
1.365681571271867369e+02
1.365681571271867369e+02
1.365681571271867369e+02
1.365681571271867369e+02
1.366003175514301518e+02
1.366003175514301518e+02
1.366003175514301518e+02
1.366003175514301518e+02
1.366003175514301518e+02
1.367949141796867423e+02
1.367949141796867423e+02
1.367949141796867423e+02
1.367949141796867423e+02
1.369676540160543254e+02
1.369676540160543254e+02
1.369792861985700085e+02
1.369792861985700085e+02
1.370797719937652914e+02
1.370797719937652914e+02
1.370797719937652914e+02
1.370797719937652914e+02
1.370797719937652914e+02
1.370797719937652914e+02
1.370797719937652914e+02
1.370797719937652914e+02
1.370797719937652914e+02
1.371449815915944157e+02
1.371729275555644563e+02
1.371729275555644563e+02
1.372384427751233886e+02
1.372384427751233886e+02
1.372384427751233886e+02
1.372384427751233886e+02
1.372384427751233886e+02
1.373899765275037907e+02
1.374395362210431131e+02
1.374395362210431131e+02
1.374552195625450111e+02
1.374552195625450111e+02
1.376543220147726174e+02
1.376543220147726174e+02
1.377981908306333310e+02
1.377981908306333310e+02
1.377981908306333310e+02
1.378442715422716844e+02
1.378442715422716844e+02
1.378442715422716844e+02
1.378442715422716844e+02
1.378892882930865369e+02
1.378892882930865369e+02
1.378892882930865369e+02
1.378892882930865369e+02
1.378892882930865369e+02
1.378892882930865369e+02
1.378892882930865369e+02
1.378892882930865369e+02
1.378892882930865369e+02
1.379844342842156664e+02
1.380352813422275915e+02
1.382402880562860048e+02
1.382402880562860048e+02
1.383030201999306996e+02
1.383030201999306996e+02
1.385291671318866804e+02
1.386208680888102265e+02
1.389035249568646293e+02
1.389035249568646293e+02
1.389035249568646293e+02
1.389035249568646293e+02
1.389178247528196835e+02
1.390818424894214331e+02
1.390818424894214331e+02
1.390818424894214331e+02
1.390818424894214331e+02
1.391156756063294324e+02
1.391156756063294324e+02
1.391603591815695609e+02
1.391979917046361379e+02
1.391979917046361379e+02
1.391979917046361379e+02
1.392104910871620405e+02
1.392104910871620405e+02
1.394313038719984377e+02
1.394313038719984377e+02
1.394313038719984377e+02
1.394313038719984377e+02
1.394313038719984377e+02
1.394313038719984377e+02
1.394313038719984377e+02
1.394313038719984377e+02
1.394313038719984377e+02
1.395457264293435173e+02
1.395953232557638160e+02
1.395953232557638160e+02
1.397552229963439174e+02
1.397552229963439174e+02
1.397552229963439174e+02
1.397552229963439174e+02
1.397552229963439174e+02
1.397552229963439174e+02
1.397552229963439174e+02
1.397552229963439174e+02
1.397552229963439174e+02
1.397552229963439174e+02
1.398002907840965463e+02
1.398002907840965463e+02
1.398176840289789027e+02
1.398176840289789027e+02
1.398957689044376309e+02
1.398957689044376309e+02
1.398957689044376309e+02
1.399173996583473354e+02
1.399173996583473354e+02
1.400567010271681738e+02
1.400567010271681738e+02
1.400567010271681738e+02
1.400567010271681738e+02
1.400567010271681738e+02
1.400567010271681738e+02
1.400567010271681738e+02
1.400567010271681738e+02
1.401301593030790400e+02
1.401301593030790400e+02
1.401301593030790400e+02
1.401301593030790400e+02
1.404216846305667445e+02
1.405346635931006176e+02
1.406174295446968188e+02
1.406174295446968188e+02
1.406520732258416331e+02
1.407916061714622629e+02
1.407916061714622629e+02
1.407916061714622629e+02
1.408575260366539794e+02
1.409292779998051799e+02
1.409292779998051799e+02
1.409292779998051799e+02
1.409292779998051799e+02
1.410340035780728272e+02
1.410340035780728272e+02
1.410340035780728272e+02
1.411128895812132100e+02
1.411128895812132100e+02
1.411128895812132100e+02
1.411128895812132100e+02
1.412000483489971430e+02
1.412636438889603596e+02
1.412636438889603596e+02
1.412636438889603596e+02
1.412636438889603596e+02
1.413816565057938419e+02
1.413816565057938419e+02
1.414024313377182409e+02
1.414058692206028809e+02
1.414415273132082120e+02
1.416230915166324849e+02
1.416456201903034184e+02
1.417117353400801392e+02
1.417598799061768204e+02
1.417598799061768204e+02
1.418617592604846323e+02
1.418617592604846323e+02
1.418764747155268822e+02
1.420423226560403691e+02
1.422220723939842912e+02
1.423208076392238581e+02
1.423208076392238581e+02
1.423208076392238581e+02
1.423268857844679474e+02
1.424570174304666637e+02
1.424570174304666637e+02
1.424570174304666637e+02
1.424570174304666637e+02
1.425985892206520305e+02
1.426407219734028615e+02
1.426407219734028615e+02
1.426407219734028615e+02
1.426407219734028615e+02
1.426407219734028615e+02
1.426828996269882452e+02
1.426828996269882452e+02
1.426828996269882452e+02
1.427723239344132651e+02
1.429534326459272791e+02
1.429534326459272791e+02
1.430154189996400760e+02
1.430629531073840326e+02
1.430629531073840326e+02
1.430629531073840326e+02
1.430629531073840326e+02
1.430629531073840326e+02
1.430979380941704164e+02
1.430979380941704164e+02
1.432168859440155018e+02
1.432168859440155018e+02
1.432807437863046118e+02
1.432807437863046118e+02
1.433735194060568574e+02
1.433735194060568574e+02
1.434428638621991752e+02
1.435590855827222185e+02
1.435673321468562165e+02
1.436802457881243527e+02
1.436802457881243527e+02
1.436802457881243527e+02
1.436802457881243527e+02
1.436802457881243527e+02
1.436802457881243527e+02
1.437256592517736635e+02
1.437256592517736635e+02
