1.727087537740508161e-01
5.418837691223303832e-01
1.019139092719538731e+00
1.153850219224383133e+00
1.561050523170937288e+00
1.561050523170937288e+00
1.841433138646617174e+00
2.161120867211486551e+00
2.869155562167342133e+00
3.649192135957309180e+00
4.078491437861716307e+00
4.716532786353251794e+00
5.000964874419818074e+00
5.511470635574497123e+00
6.066286289897327322e+00
6.066286289897327322e+00
6.169928838598371712e+00
6.586922562913454904e+00
6.783271848978497331e+00
7.166556149546450705e+00
7.648028598752270035e+00
8.021385372337945796e+00
8.502656809254792947e+00
9.174615913152424085e+00
9.730709045002196689e+00
9.730709045002196689e+00
9.730709045002196689e+00
1.013031766340770190e+01
1.039425951911124102e+01
1.079555077109680994e+01
1.111745035939835979e+01
1.124994199167188746e+01
1.195177872027523591e+01
1.229257710761016753e+01
1.301741857049075080e+01
1.357219828419999175e+01
1.378549094201139091e+01
1.420389001755463276e+01
1.420389001755463276e+01
1.450980882455714749e+01
1.518127638677304958e+01
1.518127638677304958e+01
1.604247519611555362e+01
1.671545907308640366e+01
1.691190122031582277e+01
1.736451459145310494e+01
1.790242149792855741e+01
1.816575528833413244e+01
1.865604883833184502e+01
1.932847040980061593e+01
1.953861700872616325e+01
2.012399419416203017e+01
2.059466300070581113e+01
2.085007059754597591e+01
2.095474630675988692e+01
2.134721826611500006e+01
2.171648791244656707e+01
2.224653634562609383e+01
2.297404271492414196e+01
2.325300000205673712e+01
2.369297382845947197e+01
2.429312087811949894e+01
2.482088100126961550e+01
2.565145002009299446e+01
2.627962099100573568e+01
2.715605698807320323e+01
2.775580759594678781e+01
2.804682146486588934e+01
2.819784080105414148e+01
2.843762702580045598e+01
2.903005699785285998e+01
2.956372070750398251e+01
2.994660905477222101e+01
3.063158383727270007e+01
3.066451998240794907e+01
3.104953643235080918e+01
3.160606742253060375e+01
3.193087593949768177e+01
3.241307551203403392e+01
3.292172748493724299e+01
3.380221945377393666e+01
3.421594797740905847e+01
3.466091051507675758e+01
3.484679924137869023e+01
3.537983763442446161e+01
3.596874365540498530e+01
3.646593066781205295e+01
3.646593066781205295e+01
3.662172011124430782e+01
3.722211468600559670e+01
3.760076571150797520e+01
3.771003569727727722e+01
3.797188245595820888e+01
3.861146090472266224e+01
3.904407858253013330e+01
3.946383700331553968e+01
4.013520494969925068e+01
4.061320033164170695e+01
4.098881339390383260e+01
4.167959158866961644e+01
4.247926114329492009e+01
4.305275201517363826e+01
4.365022199895652477e+01
4.407712337710328399e+01
4.444206966478176213e+01
4.448729167430578713e+01
4.491908628277094806e+01
4.525903128608646142e+01
4.551224074308392886e+01
4.612235287867500944e+01
4.647389415141229563e+01
4.728495197231664093e+01
4.728495197231664093e+01
4.770719606124614387e+01
4.815947441552899733e+01
4.901821778672312746e+01
4.955383320277677939e+01
5.034108017620459918e+01
5.125326445965627897e+01
5.155921964933884283e+01
5.221719907060470689e+01
5.276329970727729801e+01
5.345133529361503122e+01
5.392206602701000406e+01
5.436855641987336440e+01
5.436855641987336440e+01
5.451515884386499522e+01
5.520247516697681078e+01
5.540807898915249297e+01
5.625520373564464904e+01
5.699639232458258675e+01
5.748030779608676966e+01
5.792949951781561424e+01
5.825752992631286276e+01
5.843099054352056498e+01
5.870060730939817262e+01
5.935844449138452461e+01
5.988438486099640556e+01
6.048549280434107800e+01
6.143130821244256623e+01
6.214290751564296045e+01
6.226593884558441516e+01
6.274211920460663805e+01
6.310314258562662815e+01
6.334565300928196763e+01
6.372783902006282375e+01
6.424337932441667931e+01
6.462926236836952398e+01
6.503045384168800069e+01
6.558437168234981129e+01
6.602032445229686175e+01
6.640996697902679102e+01
6.675359714600782013e+01
6.722549653259287084e+01
6.743215199456862763e+01
6.753714736891369341e+01
6.753714736891369341e+01
6.763977415336836430e+01
6.835873801191979737e+01
6.858431226134318592e+01
6.895438410528699080e+01
6.899575349101256450e+01
6.899575349101256450e+01
6.962157945005499471e+01
6.988063582435697185e+01
7.036702683934686320e+01
7.048647955145321475e+01
7.064530389620500728e+01
7.114560982916000853e+01
7.173207863730769418e+01
7.218618489002339800e+01
7.247452737303568426e+01
7.270547308717104329e+01
7.297721755840719027e+01
7.302221311917479341e+01
7.314788352715515884e+01
7.337088515313321579e+01
7.373181825804934419e+01
7.375493883562276665e+01
7.376368853161795869e+01
7.410875944882302235e+01
7.436409546698726558e+01
7.436409546698726558e+01
7.436409546698726558e+01
7.459401980822224232e+01
7.492121362402085083e+01
7.528025244680375749e+01
7.600265537192608178e+01
7.608728283607038634e+01
7.650017552220924699e+01
7.682840660831141122e+01
7.707664444499026501e+01
7.778931083034635208e+01
7.778931083034635208e+01
7.847640166518729643e+01
7.918531127014547621e+01
7.918531127014547621e+01
7.956776105267969967e+01
7.956776105267969967e+01
8.000495784317614323e+01
8.008979825299074662e+01
8.039327921912094155e+01
8.051081200434484231e+01
8.117051034730791059e+01
8.145806950273627933e+01
8.178417388152846002e+01
8.192066948511738644e+01
8.206375006263519367e+01
8.243944745876592606e+01
8.316922249667679523e+01
8.344328879700093182e+01
8.366900108727452334e+01
8.393462985418540256e+01
8.410801078933562280e+01
8.458087658114027363e+01
8.481939420060848533e+01
8.511877433963233841e+01
8.536055021814365773e+01
8.554405550744039033e+01
8.554405550744039033e+01
8.581763351766039705e+01
8.581763351766039705e+01
8.602365515840661203e+01
8.637816185208525610e+01
8.668726975773060417e+01
8.694119066332734747e+01
8.763434822968022786e+01
8.774048977758965862e+01
8.774990455892761076e+01
8.782419410303053553e+01
8.815434475795544245e+01
8.843303764804034017e+01
8.855765128713292711e+01
8.855765128713292711e+01
8.855765128713292711e+01
8.894980511452254746e+01
8.928827935961487583e+01
8.947932405778132647e+01
8.967894571297432549e+01
8.967894571297432549e+01
8.989112230959098326e+01
9.031458272950285959e+01
9.079383119609954633e+01
9.091441065665055987e+01
9.114390244473625557e+01
9.130011019862234889e+01
9.130011019862234889e+01
9.170945714132933801e+01
9.170945714132933801e+01
9.198332129549736180e+01
9.198332129549736180e+01
9.212896956571675844e+01
9.273063363916187996e+01
9.273063363916187996e+01
9.288149471015174186e+01
9.288149471015174186e+01
9.295671077792434289e+01
9.361792689119695865e+01
9.412016620034039249e+01
9.438835440821634393e+01
9.445450159347521435e+01
9.490962422757922923e+01
9.532150131533717285e+01
9.532150131533717285e+01
9.549094114751918028e+01
9.584545805507785587e+01
9.612649287911546025e+01
9.661707516333947865e+01
9.665823222942043458e+01
9.709270334260634172e+01
9.749986117254431406e+01
9.749986117254431406e+01
9.756618988769811551e+01
9.769813506501691336e+01
9.817888043949457710e+01
9.870364156600618344e+01
9.894100844861782207e+01
9.931514386970309261e+01
9.979710208872677413e+01
1.000170033205534992e+02
1.003904434105324128e+02
1.006586092951315123e+02
1.011369203605122351e+02
1.015668089000525924e+02
1.019294138920126613e+02
1.021243698977783225e+02
1.022910210048913910e+02
1.026641100904337378e+02
1.030941968997525038e+02
1.033898926108273031e+02
1.034262812988331035e+02
1.036199466938443976e+02
1.038452696887409417e+02
1.038452696887409417e+02
1.042527257355941686e+02
1.045866772514198431e+02
1.048854713666337517e+02
1.054221180599400043e+02
1.054221180599400043e+02
1.055411477523972650e+02
1.057064397281042289e+02
1.060133960319871420e+02
1.060133960319871420e+02
1.065103919188316155e+02
1.065103919188316155e+02
1.067318419947884962e+02
1.067318419947884962e+02
1.070315427200637828e+02
1.074630782285936306e+02
1.075342636842068345e+02
1.080138638355324332e+02
1.080955069891695928e+02
1.083938088901541903e+02
1.088465315915833287e+02
1.094316182249757503e+02
1.098838182802999484e+02
1.108187509754847468e+02
1.113757317899010815e+02
1.114758025589484731e+02
1.117967278901159318e+02
1.122819942489916514e+02
1.123272979982003505e+02
1.127132551909609930e+02
1.135257454590348516e+02
1.137041722250514795e+02
1.140318670666307383e+02
1.144834532130736022e+02
1.145337192785191007e+02
1.147529593355373549e+02
1.150473742185758255e+02
1.153405065594555907e+02
1.153405065594555907e+02
1.153814819497352318e+02
1.156300801774787885e+02
1.157290104696566289e+02
1.159825347819319603e+02
1.161194203176686699e+02
1.164585279152139918e+02
1.168388227370410988e+02
1.170214576596827527e+02
1.171159482675214747e+02
1.171770026755952046e+02
1.171965864380378264e+02
1.171965864380378264e+02
1.175193899616806448e+02
1.176486445841927519e+02
1.176486445841927519e+02
1.179677207124909302e+02
1.183985156222911428e+02
1.188230146005543304e+02
1.188230146005543304e+02
1.191931253610767527e+02
1.191931253610767527e+02
1.193333033613265144e+02
1.195940678197871421e+02
1.199264784673981694e+02
1.199264784673981694e+02
1.202257071408616440e+02
1.202257071408616440e+02
1.204987230617366123e+02
1.204987230617366123e+02
1.206834363064077422e+02
1.208587593100781419e+02
1.210860246468930370e+02
1.214041075763628612e+02
1.221254147842927296e+02
1.223867544629148369e+02
1.223872123294596008e+02
1.228583040041700229e+02
1.230144246968667261e+02
1.230144246968667261e+02
1.233115101594689662e+02
1.240161651134759637e+02
1.242402802978388650e+02
1.242402802978388650e+02
1.242402802978388650e+02
1.243524187618987469e+02
1.243524187618987469e+02
1.243524187618987469e+02
1.245263515064972069e+02
1.245263515064972069e+02
1.245263515064972069e+02
1.245263515064972069e+02
1.246494739979034421e+02
1.248537882892107547e+02
1.251701286638041068e+02
1.251701286638041068e+02
1.251701286638041068e+02
1.253381423855526435e+02
1.253381423855526435e+02
1.256984653960313381e+02
1.261548618062333986e+02
1.261548618062333986e+02
1.264524879408823494e+02
1.264524879408823494e+02
1.266251155104683761e+02
1.267650137022319967e+02
1.267650137022319967e+02
1.269906561783561756e+02
1.271227830394714005e+02
1.274592913242674541e+02
1.274784345638609153e+02
1.276148748752083577e+02
1.277743234606028437e+02
1.278038697502785084e+02
1.282427268183138267e+02
1.282427268183138267e+02
1.285579117807852469e+02
1.289530400578516094e+02
1.289979826332240123e+02
1.290363993606712825e+02
1.291270910695921543e+02
1.291270910695921543e+02
1.295034258846452815e+02
1.295034258846452815e+02
1.295687059646744501e+02
1.295687059646744501e+02
1.295687059646744501e+02
1.300535314958887341e+02
1.302303970964158566e+02
1.304193320073781877e+02
1.306858061520462968e+02
1.306858061520462968e+02
1.308736889625691617e+02
1.308736889625691617e+02
1.312523375146320745e+02
1.315515752483837275e+02
1.316625983003380895e+02
1.316625983003380895e+02
1.317419701497454980e+02
1.317503050897995820e+02
1.317503050897995820e+02
1.318139577257850021e+02
1.318139577257850021e+02
1.318865460848335829e+02
1.321319113931867264e+02
1.321319113931867264e+02
1.322593797057146503e+02
1.322593797057146503e+02
1.322593797057146503e+02
1.323484802404587128e+02
1.323484802404587128e+02
1.326895378115370931e+02
1.326895378115370931e+02
1.327949471092884153e+02
1.327949471092884153e+02
1.328566360662754846e+02
1.333620551048898335e+02
1.334626683725884959e+02
1.334774376094251522e+02
1.334774376094251522e+02
1.337831770384049719e+02
1.337831770384049719e+02
1.339655343838765589e+02
1.343334378583450075e+02
1.343334378583450075e+02
1.343334378583450075e+02
1.343334378583450075e+02
1.343334378583450075e+02
1.343334378583450075e+02
1.343354207720412035e+02
1.345754134721844082e+02
1.345754134721844082e+02
1.346761188214967433e+02
1.347165459405186141e+02
1.347165459405186141e+02
1.347165459405186141e+02
1.347165459405186141e+02
1.347994985244953625e+02
1.350662824611527810e+02
1.350662824611527810e+02
1.352366457567359248e+02
1.353407364907728834e+02
1.353571911878897538e+02
1.355370209792295100e+02
1.355370209792295100e+02
1.361003222702159690e+02
1.361551229096067175e+02
1.361551229096067175e+02
1.361551229096067175e+02
1.363318859999530446e+02
1.363318859999530446e+02
1.363318859999530446e+02
1.363318859999530446e+02
1.363318859999530446e+02
1.364170717009289433e+02
1.364170717009289433e+02
1.364284890105440979e+02
1.364284890105440979e+02
1.366026508469044529e+02
1.367726264660836932e+02
1.367726264660836932e+02
1.367726264660836932e+02
1.369509120216121119e+02
1.369832219322187541e+02
1.369832219322187541e+02
1.372671151806434580e+02
1.375920205780291212e+02
1.376366433431288669e+02
1.377102057892953439e+02
1.377102057892953439e+02
1.377102057892953439e+02
1.377102057892953439e+02
1.377166320649904492e+02
1.378717142559826812e+02
1.378717142559826812e+02
1.379244590558170103e+02
1.379244590558170103e+02
1.379500237678067833e+02
1.379500237678067833e+02
1.379500237678067833e+02
1.379500237678067833e+02
1.380301723887302785e+02
1.380301723887302785e+02
1.381472533154910707e+02
1.381472533154910707e+02
1.384333765482312515e+02
1.384333765482312515e+02
1.384333765482312515e+02
1.384333765482312515e+02
1.387753482306396506e+02
1.387753482306396506e+02
1.387753482306396506e+02
1.387753482306396506e+02
1.387753482306396506e+02
1.388902632087078928e+02
1.389270693641287266e+02
1.389270693641287266e+02
1.389439740090375039e+02
1.389439740090375039e+02
1.391084042766279651e+02
1.391084042766279651e+02
1.392757295344611634e+02
1.392757295344611634e+02
1.393746550077566440e+02
1.393746550077566440e+02
1.393746550077566440e+02
1.393746550077566440e+02
1.394037455306048514e+02
1.394037455306048514e+02
1.394037455306048514e+02
1.396432038128850763e+02
1.397638816292465549e+02
1.398789595611700349e+02
1.403056718530550313e+02
1.405151067473301509e+02
1.406220917408212472e+02
1.406745234730233562e+02
1.408021051122111089e+02
1.408021051122111089e+02
1.408021051122111089e+02
1.408021051122111089e+02
1.408021051122111089e+02
1.408378350746868648e+02
1.408378350746868648e+02
1.408378350746868648e+02
1.408378350746868648e+02
1.408378350746868648e+02
1.408378350746868648e+02
1.412559085640368721e+02
1.413668699495182466e+02
1.413668699495182466e+02
1.413668699495182466e+02
1.414463674301483991e+02
1.414463674301483991e+02
1.415413945701611453e+02
1.415413945701611453e+02
1.416202624058027766e+02
1.416202624058027766e+02
1.416202624058027766e+02
1.417636962188493328e+02
1.419772182290266755e+02
1.420091763740417719e+02
1.420091763740417719e+02
1.420904318173695913e+02
1.422395579355897155e+02
1.422395579355897155e+02
1.422703254769357955e+02
1.422703254769357955e+02
1.422703254769357955e+02
1.424184955812755220e+02
1.424184955812755220e+02
1.425851910786051349e+02
1.425851910786051349e+02
1.426975625532438698e+02
1.426975625532438698e+02
1.426975625532438698e+02
1.429184333908371514e+02
1.429184333908371514e+02
1.429184333908371514e+02
1.429265708488235020e+02
1.429918899705322985e+02
1.430201826517725010e+02
1.433228506849605424e+02
1.434405676319154281e+02
1.435287269836719588e+02
1.435287269836719588e+02
1.437684495782531258e+02
1.437684495782531258e+02
1.440116959824898402e+02
1.440116959824898402e+02
1.440829185682337936e+02
1.441348613120290452e+02
1.441348613120290452e+02
1.444108984296478866e+02
1.444108984296478866e+02
1.444964782246701986e+02
1.444964782246701986e+02
1.444964782246701986e+02
1.444964782246701986e+02
1.444967189774448286e+02
1.444967189774448286e+02
1.444967189774448286e+02
1.444967189774448286e+02
1.445279144124646677e+02
1.445723227230190275e+02
1.445723227230190275e+02
1.445723227230190275e+02
1.445723227230190275e+02
1.445723227230190275e+02
1.447346795982121250e+02
1.447346795982121250e+02
1.447346795982121250e+02
1.447346795982121250e+02
1.447346795982121250e+02
1.447475042102917939e+02
1.451041222435771942e+02
1.452600472339860005e+02
1.452978714394951396e+02
1.454161459646115873e+02
1.454161459646115873e+02
1.454161459646115873e+02
1.454161459646115873e+02
1.455192060712028876e+02
1.458200952157879442e+02
1.460406947192893767e+02
1.460406947192893767e+02
1.460406947192893767e+02
1.460406947192893767e+02
1.461039422676014112e+02
1.461980555562924451e+02
1.461980555562924451e+02
1.461980555562924451e+02
1.461980555562924451e+02
1.462126721995196874e+02
1.462126721995196874e+02
1.462126721995196874e+02
1.463197545950287690e+02
1.465334698998493081e+02
1.465334698998493081e+02
1.467073832114867571e+02
1.467073832114867571e+02
1.467955174309580570e+02
1.467955174309580570e+02
1.468827090214050202e+02
1.471645085524752403e+02
1.471645085524752403e+02
1.471645085524752403e+02
1.473946468341118816e+02
1.474938239926017332e+02
1.474938239926017332e+02
1.475064684424970380e+02
1.477399483020356286e+02
1.477399483020356286e+02
1.478247151830720156e+02
1.478247151830720156e+02
1.478247151830720156e+02
1.479488645427279323e+02
1.481439024680666705e+02
1.484363716465063305e+02
1.484363716465063305e+02
1.484363716465063305e+02
1.484363716465063305e+02
1.485371359464260479e+02
1.485496212439822159e+02
1.487143492129621052e+02
1.492885949023022079e+02
1.494771455110781631e+02
1.497255598215463692e+02
1.497255598215463692e+02
1.497255598215463692e+02
1.498296955034107896e+02
1.499990268878963491e+02
1.499990268878963491e+02
1.499990268878963491e+02
1.499990268878963491e+02
1.501564857039675189e+02
1.501564857039675189e+02
1.501564857039675189e+02
1.501564857039675189e+02
1.503443580192554805e+02
1.503443580192554805e+02
1.504225843872000041e+02
1.504225843872000041e+02
1.504225843872000041e+02
1.504225843872000041e+02
1.504713496378767843e+02
1.505185184180923557e+02
1.506858516065787796e+02
1.508224840309815420e+02
1.508224840309815420e+02
1.508224840309815420e+02
1.508224840309815420e+02
1.508260698595658766e+02
1.508260698595658766e+02
1.508260698595658766e+02
1.508260698595658766e+02
1.508454885884077328e+02
1.508454885884077328e+02
1.508925928778546677e+02
1.510206133252983705e+02
1.510206133252983705e+02
1.510311602929659784e+02
1.510311602929659784e+02
1.510311602929659784e+02
1.510311602929659784e+02
1.510311602929659784e+02
1.510311602929659784e+02
1.510311602929659784e+02
1.511587645206992931e+02
1.511675041191918183e+02
1.511675041191918183e+02
1.511675041191918183e+02
1.511675041191918183e+02
1.511675041191918183e+02
1.512680896784444542e+02
1.512680896784444542e+02
1.512680896784444542e+02
1.512680896784444542e+02
1.513267158799603180e+02
1.513267158799603180e+02
1.513267158799603180e+02
1.513830175652226160e+02
1.514916635350529646e+02
1.515297774313180525e+02
1.515297774313180525e+02
1.515297774313180525e+02
1.515297774313180525e+02
1.515297774313180525e+02
1.515297774313180525e+02
1.515297774313180525e+02
1.515297774313180525e+02
1.515297774313180525e+02
1.518639965942215895e+02
1.519799788986485680e+02
1.520738452119692852e+02
1.520738452119692852e+02
1.520738452119692852e+02
1.520738452119692852e+02
1.521030224383629275e+02
1.523376411539256026e+02
1.523376411539256026e+02
1.524698395317415702e+02
1.524698395317415702e+02
1.524698395317415702e+02
1.524698395317415702e+02
1.524698395317415702e+02
1.524698395317415702e+02
1.524698395317415702e+02
1.524698395317415702e+02
1.524698395317415702e+02
1.524698395317415702e+02
1.524698395317415702e+02
1.525960882659859408e+02
1.525960882659859408e+02
1.526548005135571771e+02
1.527103981067429856e+02
1.527103981067429856e+02
1.527103981067429856e+02
1.528249308421111436e+02
1.528249308421111436e+02
1.528249308421111436e+02
1.530558359927689480e+02
1.531869220183349398e+02
1.533215613281386140e+02
1.534159349293774994e+02
1.535807213389684591e+02
1.535807213389684591e+02
1.535884298787589444e+02
1.538121665832589144e+02
1.538121665832589144e+02
1.538683200012302734e+02
1.538683200012302734e+02
1.541190897596123364e+02
1.541190897596123364e+02
1.543606515295196573e+02
1.544100885344961966e+02
1.544208418462399948e+02
1.544208418462399948e+02
1.544208418462399948e+02
1.544208418462399948e+02
1.544208418462399948e+02
1.544260582602302350e+02
1.544260582602302350e+02
1.544412705836196835e+02
1.544416080139897929e+02
1.546042494753076255e+02
1.548658425730631620e+02
1.549677564883667742e+02
1.549677564883667742e+02
1.552346549569381011e+02
1.553259718344456530e+02
1.553259718344456530e+02
1.555536218553101264e+02
1.556996647811174057e+02
1.556996647811174057e+02
1.557570974397628731e+02
1.559711865813490874e+02
1.561721494709023261e+02
1.561721494709023261e+02
1.562575898911996717e+02
1.562863528343847577e+02
1.562863528343847577e+02
1.563337449709125337e+02
1.563337449709125337e+02
1.563400691042392054e+02
1.563400691042392054e+02
1.563400691042392054e+02
1.563834175660574601e+02
1.564431967711696529e+02
1.564431967711696529e+02
1.564431967711696529e+02
1.564431967711696529e+02
1.564843568506908298e+02
1.564843568506908298e+02
1.564843568506908298e+02
1.564988081239751523e+02
1.564988081239751523e+02
1.564988081239751523e+02
1.564988081239751523e+02
1.564988081239751523e+02
1.564988081239751523e+02
1.564988081239751523e+02
1.564988081239751523e+02
1.565535937526126702e+02
1.566097543280613991e+02
1.566097543280613991e+02
1.568986388597952271e+02
1.569828037667297451e+02
1.571237070361857207e+02
1.572673776352181960e+02
1.573088293175920001e+02
1.573088293175920001e+02
1.573088293175920001e+02
1.573088293175920001e+02
1.573088293175920001e+02
1.573686408775201642e+02
1.574777026979427887e+02
1.577226496516330485e+02
1.577226496516330485e+02
1.577226496516330485e+02
1.577226496516330485e+02
1.577226496516330485e+02
1.577226496516330485e+02
1.577226496516330485e+02
1.578193438600601439e+02
1.578193438600601439e+02
1.578193438600601439e+02
1.578193438600601439e+02
1.578193438600601439e+02
1.578193438600601439e+02
1.580816388492376063e+02
1.582161667060670709e+02
1.582625581669202006e+02
1.582625581669202006e+02
1.583407908662338457e+02
1.583407908662338457e+02
1.583407908662338457e+02
1.584065214585698982e+02
1.584065214585698982e+02
1.584065214585698982e+02
1.585694541035191207e+02
1.585694541035191207e+02
1.587533329328438754e+02
1.587533329328438754e+02
1.587533329328438754e+02
1.587533329328438754e+02
1.589199534181601337e+02
1.589199534181601337e+02
1.589199534181601337e+02
1.589199534181601337e+02
1.589199534181601337e+02
1.589199534181601337e+02
1.590590826708842087e+02
1.592472327972495805e+02
1.592472327972495805e+02
1.592472327972495805e+02
1.592472327972495805e+02
1.592472327972495805e+02
1.593113485977722519e+02
1.593113485977722519e+02
1.593113485977722519e+02
1.593113485977722519e+02
1.593820547396594520e+02
1.594623099907035169e+02
1.594893661980034096e+02
1.594893661980034096e+02
1.595835644170688283e+02
1.595835644170688283e+02
1.596094073497070269e+02
1.596936786347379496e+02
1.597328015924321107e+02
1.597328015924321107e+02
1.597328015924321107e+02
1.597328015924321107e+02
1.597328015924321107e+02
1.597328015924321107e+02
1.597940193940544873e+02
1.598477925970444460e+02
1.598477925970444460e+02
1.598477925970444460e+02
1.598477925970444460e+02
1.600832297196138256e+02
1.601905971213553244e+02
1.601905971213553244e+02
1.601905971213553244e+02
1.601905971213553244e+02
1.601905971213553244e+02
1.601905971213553244e+02
1.604876889989837423e+02
1.606148941583826399e+02
1.607898519404709816e+02
1.607898519404709816e+02
1.608884570275253907e+02
1.609020521458876658e+02
1.609337124582668821e+02
1.610388436081202599e+02
1.610680136351361966e+02
1.611903015212597268e+02
1.614113053837477025e+02
1.614836761687443243e+02
1.614836761687443243e+02
1.615003417818387277e+02
1.616184735378728590e+02
1.616184735378728590e+02
1.617277550437847538e+02
1.617277550437847538e+02
1.617736742658386504e+02
1.618415502278253655e+02
1.618415502278253655e+02
1.618415502278253655e+02
1.618415502278253655e+02
1.618549960775651186e+02
1.620056672118722361e+02
1.620056672118722361e+02
1.620056672118722361e+02
1.620056672118722361e+02
1.620056672118722361e+02
1.620056672118722361e+02
1.620718155110245959e+02
1.620718155110245959e+02
1.621256984447468596e+02
1.621256984447468596e+02
1.621689851900513588e+02
1.621689851900513588e+02
1.621689851900513588e+02
1.623133279205856923e+02
1.623133279205856923e+02
1.623133279205856923e+02
1.623133279205856923e+02
1.624431020135686481e+02
1.624431020135686481e+02
1.625916775439894195e+02
1.625916775439894195e+02
1.625916775439894195e+02
1.625916775439894195e+02
1.626419337383558741e+02
1.626419337383558741e+02
1.626419337383558741e+02
1.627860472919906556e+02
1.628379114791631253e+02
1.629597501623205176e+02
1.633611946737082405e+02
1.633611946737082405e+02
1.633611946737082405e+02
1.633688481032523612e+02
1.634833800292144019e+02
1.634993483340117848e+02
1.634993483340117848e+02
1.635456483691860399e+02
1.636932684661424275e+02
1.636932684661424275e+02
1.636932684661424275e+02
1.636932684661424275e+02
1.637011319835029894e+02
1.637959411927675717e+02
1.637959411927675717e+02
1.637959411927675717e+02
1.639077737004838866e+02
1.640215104151489811e+02
1.640215104151489811e+02
1.640215104151489811e+02
1.640215104151489811e+02
1.640215104151489811e+02
1.640215104151489811e+02
1.640836293943136184e+02
1.640836293943136184e+02
1.640836293943136184e+02
1.640836293943136184e+02
1.641198576066834107e+02
