6.889801733824360008e-01
9.007544412585807292e-01
9.036693103818630446e-01
1.180077328284351967e+00
1.859021077142646305e+00
2.231739157876547974e+00
2.877916386538788451e+00
3.606059761995735968e+00
3.854690968325210410e+00
4.073214830360106120e+00
4.556288708870106952e+00
4.810019685817071178e+00
4.838174624958970327e+00
5.121709945646511386e+00
5.475900744239255324e+00
5.689405037524012165e+00
6.271827617313325831e+00
6.445480388638888947e+00
6.459177485045914935e+00
6.855713963776430830e+00
7.127683734007653982e+00
7.479607449819646980e+00
7.989305041397705587e+00
8.277354272182739336e+00
8.628418955502890952e+00
9.203659560521831651e+00
9.781353242779122326e+00
1.045050743381416325e+01
1.045050743381416325e+01
1.090172235902624820e+01
1.121848676563054248e+01
1.206473675457697858e+01
1.236838953148547660e+01
1.315073111227387770e+01
1.328633509007424607e+01
1.365576266022391039e+01
1.422479197376269866e+01
1.465369099872200920e+01
1.479780114595349438e+01
1.521953665935028432e+01
1.560668274533657929e+01
1.644575429812653411e+01
1.658411599879502774e+01
1.675140413669562633e+01
1.743718940219222802e+01
1.822561647617355973e+01
1.858910840357647132e+01
1.900259720497326299e+01
1.927354592651391485e+01
1.986387173947216311e+01
2.013992056966234401e+01
2.027169516459136389e+01
2.054057795041262580e+01
2.152908265129990184e+01
2.186800044003656751e+01
2.261900851357236064e+01
2.286732463425081718e+01
2.322322638551195695e+01
2.352775113614878322e+01
2.382563336288767530e+01
2.382563336288767530e+01
2.413264905802675742e+01
2.458794561217917263e+01
2.523974264049528315e+01
2.535743857530780687e+01
2.580788918239807117e+01
2.619262856210696455e+01
2.655706940009390848e+01
2.699146918678081875e+01
2.704501757162462638e+01
2.796494808094651674e+01
2.845135216062770667e+01
2.904492833202863267e+01
2.929071499550478919e+01
2.945860569782895411e+01
2.978803751176645065e+01
3.040961945426123947e+01
3.109684585692207648e+01
3.188534409173450968e+01
3.220250921895344476e+01
3.220250921895344476e+01
3.284892531947338057e+01
3.348033492853540594e+01
3.377065273148962632e+01
3.438933723041168378e+01
3.480870116163488603e+01
3.507705534131139302e+01
3.541747291057058789e+01
3.557449879728209652e+01
3.580338817007011443e+01
3.644760247103283035e+01
3.704107307447618069e+01
3.732558083194976462e+01
3.810407190454062487e+01
3.835239704684398276e+01
3.880550065271936688e+01
3.907504863663361760e+01
3.910319480565850370e+01
3.920237592791732339e+01
3.964636296473685206e+01
3.999955154812609237e+01
4.069587794708662187e+01
4.111015211159275395e+01
4.139365587270155089e+01
4.179764365929882075e+01
4.226760867341594263e+01
4.289343881131448910e+01
4.335934024478354587e+01
4.366174108240854679e+01
4.389967602767859489e+01
4.477430536190637866e+01
4.501954898144704487e+01
4.534314167690951791e+01
4.534314167690951791e+01
4.580978637518704488e+01
4.603497730251703501e+01
4.664965894590703499e+01
4.741565188197985492e+01
4.831113093659433133e+01
4.862689048731116515e+01
4.870648214039109547e+01
4.884050472849655478e+01
4.919631155108851317e+01
4.932418597845417452e+01
4.976019087628593240e+01
5.042301016724715623e+01
5.042301016724715623e+01
5.078610748717963475e+01
5.122286018577558764e+01
5.176882552488198286e+01
5.230426298645085836e+01
5.245956966565994861e+01
5.309401910556680093e+01
5.361520168004098252e+01
5.379767318369481899e+01
5.379767318369481899e+01
5.396701572400046842e+01
5.448885408428148480e+01
5.451923162632061093e+01
5.498532505480838495e+01
5.553107084367635338e+01
5.621537739065757222e+01
5.625319648815949591e+01
5.663775135959055973e+01
5.710156362127501239e+01
5.770068949446675077e+01
5.810458833004363299e+01
5.854213963967591638e+01
5.900978287185348847e+01
5.933257266512492833e+01
5.933257266512492833e+01
5.933257266512492833e+01
5.980790002851999532e+01
6.010181113502930828e+01
6.040068048098180498e+01
6.080120025364898595e+01
6.131224076274583012e+01
6.163533839287508442e+01
6.177655647922956916e+01
6.210628413851888752e+01
6.243127290823606756e+01
6.276740904003290922e+01
6.276740904003290922e+01
6.341107738224646084e+01
6.380718429191700380e+01
6.475850700410107663e+01
6.512998191508685863e+01
6.516434910658064439e+01
6.573645004433437578e+01
6.591809908095403614e+01
6.663629226412489004e+01
6.672011386850513759e+01
6.695505636568299224e+01
6.699510603132995357e+01
6.789821672301395949e+01
6.808900268633381359e+01
6.808900268633381359e+01
6.835721736707176888e+01
6.885690471514807598e+01
6.924944721778854273e+01
6.980101883088751435e+01
7.006091774217492230e+01
7.062119364702981272e+01
7.102332858048237085e+01
7.124167192182500230e+01
7.147775609702908639e+01
7.165620768942646635e+01
7.182592448324484735e+01
7.210484826523121171e+01
7.228705370273883091e+01
7.309504437833369650e+01
7.351659894038600385e+01
7.370347337115821063e+01
7.409890871409805868e+01
7.442862528192418381e+01
7.500209839509099652e+01
7.500209839509099652e+01
7.500635414454669103e+01
7.583714233822574613e+01
7.594012356318941670e+01
7.650483151728658981e+01
7.650562878491992080e+01
7.657691346920275066e+01
7.675319707665185831e+01
7.706863820703534884e+01
7.721442415044820962e+01
7.758140349014549031e+01
7.758140349014549031e+01
7.797133909425409115e+01
7.822244647676421891e+01
7.833453170806564003e+01
7.833453170806564003e+01
7.879886670521850078e+01
7.879886670521850078e+01
7.890449445234659720e+01
7.890449445234659720e+01
7.901563433451013907e+01
7.917315088537979761e+01
7.957812636888372992e+01
7.958877148346252284e+01
7.990969033402467403e+01
7.990969033402467403e+01
7.990969033402467403e+01
8.039571176913523232e+01
8.039571176913523232e+01
8.039571176913523232e+01
8.039571176913523232e+01
8.059680831233492881e+01
8.065931575250955632e+01
8.065931575250955632e+01
8.089506790261341962e+01
8.121465583960207368e+01
8.135943431266848336e+01
8.176693401236421721e+01
8.198448570585777873e+01
8.198448570585777873e+01
8.198448570585777873e+01
8.198448570585777873e+01
8.227360105830469195e+01
8.257103669213070418e+01
8.287449813495923934e+01
8.287449813495923934e+01
8.295002413946532727e+01
8.295002413946532727e+01
8.311333821025301916e+01
8.362399963221466237e+01
8.369427818185262424e+01
8.410387369932395529e+01
8.410387369932395529e+01
8.413103800494135953e+01
8.455590635977517877e+01
8.498001950734861509e+01
8.515658903682147240e+01
8.536258341805216787e+01
8.564543266575661562e+01
8.584235883843160764e+01
8.630366218024333591e+01
8.630366218024333591e+01
8.664391371236906991e+01
8.670365601586226489e+01
8.707356209923187862e+01
8.730010390499093376e+01
8.730010390499093376e+01
8.730010390499093376e+01
8.745839847010617518e+01
8.786096728915495646e+01
8.801388439524569662e+01
8.827474020556519463e+01
8.860177463338142445e+01
8.860177463338142445e+01
8.860177463338142445e+01
8.867065992586088896e+01
8.884536472710217936e+01
8.905109493924734920e+01
8.905160533266166567e+01
8.916735119235823959e+01
8.920368798797385068e+01
8.954786098780654413e+01
8.968364710648816640e+01
9.004424889085400707e+01
9.032452019169062396e+01
9.056129284622844011e+01
9.092903141577210135e+01
9.092903141577210135e+01
9.092903141577210135e+01
9.092903141577210135e+01
9.103082670969453716e+01
9.118049840449249643e+01
9.118912237283933564e+01
9.137714985423045277e+01
9.192111816638153243e+01
9.192111816638153243e+01
9.196043136080793090e+01
9.196043136080793090e+01
9.234085884940193978e+01
9.254436070787609481e+01
9.254436070787609481e+01
9.254436070787609481e+01
9.266366075955687620e+01
9.267264700356767548e+01
9.267264700356767548e+01
9.267264700356767548e+01
9.289241506443656249e+01
9.304767127871568277e+01
9.313583853265416224e+01
9.313583853265416224e+01
9.314158142327374890e+01
9.314158142327374890e+01
9.314158142327374890e+01
9.323499218385595100e+01
9.323499218385595100e+01
9.323499218385595100e+01
9.323499218385595100e+01
9.323499218385595100e+01
9.323499218385595100e+01
9.337669134854409947e+01
9.337669134854409947e+01
9.337669134854409947e+01
9.357085553079178908e+01
9.363631913376404725e+01
9.363631913376404725e+01
9.377432478504594826e+01
9.401038983625591072e+01
9.401038983625591072e+01
9.414158413742860887e+01
9.419691859332880313e+01
9.442639298337614662e+01
9.442908483802472119e+01
9.442908483802472119e+01
9.442908483802472119e+01
9.442908483802472119e+01
9.446075965482155823e+01
9.465133956458838327e+01
9.465133956458838327e+01
9.468113026870307181e+01
9.489040141774225390e+01
9.489040141774225390e+01
9.494610825145666411e+01
9.494610825145666411e+01
9.549799757241007114e+01
9.584039928153735843e+01
9.614970302071880326e+01
9.623187938035223965e+01
9.623187938035223965e+01
9.623187938035223965e+01
9.623187938035223965e+01
9.623187938035223965e+01
9.623187938035223965e+01
9.629320671235008433e+01
9.629320671235008433e+01
9.647132311542577554e+01
9.647132311542577554e+01
9.659455517513268319e+01
9.659455517513268319e+01
9.659455517513268319e+01
9.668165509260514057e+01
9.669550463923872030e+01
9.691396570904258567e+01
9.691396570904258567e+01
9.695397944594805040e+01
9.696362151322702516e+01
9.716055217425657986e+01
9.716055217425657986e+01
9.733073318326009371e+01
9.733073318326009371e+01
9.737488827652445877e+01
9.737488827652445877e+01
9.737488827652445877e+01
9.737488827652445877e+01
9.753838884691698752e+01
9.768923299859331166e+01
9.771451961341131209e+01
9.771451961341131209e+01
9.777643853756242720e+01
9.777643853756242720e+01
9.793038719840848216e+01
9.812918321008572775e+01
9.844938527366798553e+01
9.844938527366798553e+01
9.844938527366798553e+01
9.885261939493921091e+01
9.885261939493921091e+01
9.892404376797739474e+01
9.892404376797739474e+01
9.892404376797739474e+01
9.894002506081629633e+01
9.894002506081629633e+01
9.894002506081629633e+01
9.894002506081629633e+01
9.894002506081629633e+01
9.894002506081629633e+01
9.894002506081629633e+01
9.895554569870245132e+01
9.903144905583354785e+01
9.903144905583354785e+01
9.909688151637510600e+01
9.909688151637510600e+01
9.921898064155541874e+01
9.921898064155541874e+01
9.921898064155541874e+01
9.921898064155541874e+01
9.926192736877084144e+01
9.926192736877084144e+01
9.926192736877084144e+01
9.926192736877084144e+01
9.926192736877084144e+01
9.926192736877084144e+01
9.926192736877084144e+01
9.926192736877084144e+01
9.926192736877084144e+01
9.926192736877084144e+01
9.939007045451471356e+01
9.939007045451471356e+01
9.970283457674020156e+01
9.970283457674020156e+01
9.973092729299429493e+01
9.973092729299429493e+01
9.973092729299429493e+01
9.980883869411289311e+01
9.982183747056063794e+01
9.989185210200008669e+01
9.989185210200008669e+01
1.001506460363308264e+02
1.002818909639071165e+02
1.003908455086944826e+02
1.003908455086944826e+02
1.003945862453120839e+02
1.003945862453120839e+02
1.005789407524117678e+02
1.005789407524117678e+02
1.008564172424253798e+02
1.008955052368118430e+02
1.008955052368118430e+02
1.010202569841939066e+02
1.010356660960067074e+02
1.011454794629783436e+02
1.011454794629783436e+02
1.013579012503985695e+02
1.015083742954645345e+02
1.016425824300279999e+02
1.017640780273191154e+02
1.018956842475082141e+02
1.020920487702044426e+02
1.021629964328251816e+02
1.021629964328251816e+02
1.022566184264263001e+02
1.022566184264263001e+02
1.024789670876837846e+02
1.026785763762651698e+02
1.030090039900571242e+02
1.030090039900571242e+02
1.032019115356407752e+02
1.032019115356407752e+02
1.032019115356407752e+02
1.032378954893127911e+02
1.032566891464297356e+02
1.033062516158770450e+02
1.033434697209342801e+02
1.033434697209342801e+02
1.034045397246738105e+02
1.034045397246738105e+02
1.034045397246738105e+02
1.035275795283616986e+02
1.035275795283616986e+02
1.038808503332685973e+02
1.038808503332685973e+02
1.040945775153887638e+02
1.041645523739874335e+02
1.042911827035328827e+02
1.044369305002254720e+02
1.044369305002254720e+02
1.045466883438754166e+02
1.045466883438754166e+02
1.046376426533590660e+02
1.047023344010799377e+02
1.048450210256284265e+02
1.048450210256284265e+02
1.048450210256284265e+02
1.048450210256284265e+02
1.048450210256284265e+02
1.049978451427969617e+02
1.049978451427969617e+02
1.050498467244723457e+02
1.050498467244723457e+02
1.050896096997378777e+02
1.054935043480937935e+02
1.054935043480937935e+02
1.055524530552183080e+02
1.056359022441683919e+02
1.056949847402109555e+02
1.060236080339537779e+02
1.060377948715046159e+02
1.060831580650722543e+02
1.060831580650722543e+02
1.060831580650722543e+02
1.060831580650722543e+02
1.062732751573139751e+02
1.062732751573139751e+02
1.062732751573139751e+02
1.062732751573139751e+02
1.066236382323268543e+02
1.066236382323268543e+02
1.068135928910811856e+02
1.068850857129815637e+02
1.071072362485251972e+02
1.071072362485251972e+02
1.071072362485251972e+02
1.072993143503579887e+02
1.073992643278382388e+02
1.073992643278382388e+02
1.076042440868504002e+02
1.076834308245772291e+02
1.076963226128775801e+02
1.077348337416929951e+02
1.077348337416929951e+02
1.077882371687028211e+02
1.077882371687028211e+02
1.077882371687028211e+02
1.079078548971408935e+02
1.080561252075927854e+02
1.083466511126719070e+02
1.083466511126719070e+02
1.085007993768104058e+02
1.085007993768104058e+02
1.085007993768104058e+02
1.085007993768104058e+02
1.085007993768104058e+02
1.085007993768104058e+02
1.086052504975695570e+02
1.087321848814713547e+02
1.087321848814713547e+02
1.089118955105612088e+02
1.090854041175992535e+02
1.090854041175992535e+02
1.090854041175992535e+02
1.090854041175992535e+02
1.092405531475839524e+02
1.093227147987627887e+02
1.094815047193114310e+02
1.096274577372259387e+02
1.096274577372259387e+02
1.096274577372259387e+02
1.096274577372259387e+02
1.096904811616268773e+02
1.097506670642959961e+02
1.098886349633348516e+02
1.100775773816614986e+02
1.101760429065511318e+02
1.102018474380376887e+02
1.102018474380376887e+02
1.102018474380376887e+02
1.102753524947146246e+02
1.103175226441366306e+02
1.105722811860548092e+02
1.105722811860548092e+02
1.108299347624708275e+02
1.108299347624708275e+02
1.109122445128370060e+02
1.110419027354415533e+02
1.110419027354415533e+02
1.110787886739502000e+02
1.110787886739502000e+02
1.110787886739502000e+02
1.110787886739502000e+02
1.111272400129233375e+02
1.115245656718748251e+02
1.115412963705758500e+02
1.120655114173009110e+02
1.120655114173009110e+02
1.121023548729665293e+02
1.121023548729665293e+02
1.121240609302994358e+02
1.123241778087064375e+02
1.126127918537709718e+02
1.126328819176783327e+02
1.126531232010943171e+02
1.126531232010943171e+02
1.126531232010943171e+02
1.126531232010943171e+02
1.126531232010943171e+02
1.128570676500018237e+02
1.130523325062368798e+02
1.131617391570160436e+02
1.132653076975152544e+02
1.133731043265428013e+02
1.133731043265428013e+02
1.133731043265428013e+02
1.133731043265428013e+02
1.134440505301293598e+02
1.135772245674244800e+02
1.138030891972310457e+02
1.138540442638223880e+02
1.139858318718071786e+02
1.140434624402781765e+02
1.144410596868306129e+02
1.144410596868306129e+02
1.144410596868306129e+02
1.145638552153324667e+02
1.145959171804504990e+02
1.147557913256470954e+02
1.147557913256470954e+02
1.148507110695260991e+02
1.149805375081276111e+02
1.150157235598120025e+02
1.151769521488151611e+02
1.151769521488151611e+02
1.151769521488151611e+02
1.156006782049025929e+02
1.156564399123751912e+02
1.156564399123751912e+02
1.156564399123751912e+02
1.158575020082546274e+02
1.158575020082546274e+02
1.158676728209539846e+02
1.158676728209539846e+02
1.158707354182099465e+02
1.158707354182099465e+02
1.158707354182099465e+02
1.162742565457054553e+02
1.162868306573112847e+02
1.162868306573112847e+02
1.163951866379157565e+02
1.163951866379157565e+02
1.163951866379157565e+02
1.163951866379157565e+02
1.163951866379157565e+02
1.163951866379157565e+02
1.163951866379157565e+02
1.166664072950310498e+02
1.166664072950310498e+02
1.166664072950310498e+02
1.166664072950310498e+02
1.168223323441066839e+02
1.168503065071371623e+02
1.170094163172904018e+02
1.172334992241375318e+02
1.172334992241375318e+02
1.172531718299989762e+02
1.174891083961101543e+02
1.174891083961101543e+02
1.176554134891168246e+02
1.176554134891168246e+02
1.176554134891168246e+02
1.176554134891168246e+02
1.179027579735940776e+02
1.179027579735940776e+02
1.179816770421765426e+02
1.182557103948877426e+02
1.182557103948877426e+02
1.183861938115650503e+02
1.184561543237302743e+02
1.185702594142511259e+02
1.186152867518404008e+02
1.186152867518404008e+02
1.188067753947655518e+02
1.190441274504187987e+02
1.194310089648925270e+02
1.195676268450603601e+02
1.196771452904016542e+02
1.196809482503719266e+02
1.196809482503719266e+02
1.197554951883556100e+02
1.197554951883556100e+02
1.200142450263932119e+02
1.200142450263932119e+02
1.203353677392981496e+02
1.204528445422102294e+02
1.205329277829430339e+02
1.207583322030341719e+02
1.207583322030341719e+02
1.209403295166605119e+02
1.211004687482361533e+02
1.211004687482361533e+02
1.211428914754490194e+02
1.211428914754490194e+02
1.212152580318123398e+02
1.212152580318123398e+02
1.215087933467898722e+02
1.216022001944187565e+02
1.216022001944187565e+02
1.216022001944187565e+02
1.216946502414433127e+02
1.216946502414433127e+02
1.219436996848390180e+02
1.220945907842855434e+02
1.220945907842855434e+02
1.220945907842855434e+02
1.220945907842855434e+02
1.221876116816145981e+02
1.222363767036468687e+02
1.222363767036468687e+02
1.224324756007219577e+02
1.225123902164274483e+02
1.225123902164274483e+02
1.225123902164274483e+02
1.225123902164274483e+02
1.225123902164274483e+02
1.225123902164274483e+02
1.225123902164274483e+02
1.227765047034297652e+02
1.227765047034297652e+02
1.227765047034297652e+02
1.227765047034297652e+02
1.228560516890041612e+02
1.228877368312367651e+02
1.229380460225481073e+02
1.229505078654816543e+02
1.229520985552182708e+02
1.231950285973913140e+02
1.231950285973913140e+02
1.232938228387388051e+02
1.233860698044806838e+02
1.233901061529974328e+02
1.233901061529974328e+02
1.233901061529974328e+02
1.233901061529974328e+02
1.234955133027761605e+02
1.234955133027761605e+02
1.234955133027761605e+02
1.234955133027761605e+02
1.234955133027761605e+02
1.234955133027761605e+02
1.234955133027761605e+02
1.237016198643696470e+02
1.237027911287106292e+02
1.237027911287106292e+02
1.238806851082179890e+02
1.238806851082179890e+02
1.238806851082179890e+02
1.239227212284816204e+02
1.239227212284816204e+02
1.240632715133124009e+02
1.240632715133124009e+02
1.242485692683734015e+02
1.242485692683734015e+02
1.242485692683734015e+02
1.244511196829350439e+02
1.244923960666153988e+02
1.246757892136501766e+02
1.246757892136501766e+02
1.249269829016395192e+02
1.250318134385688751e+02
1.252406289004333217e+02
1.254057669070723620e+02
1.255308362268198010e+02
1.255308362268198010e+02
1.255308362268198010e+02
1.255471985013097225e+02
1.255471985013097225e+02
1.259547326469149908e+02
1.259977222138613229e+02
1.259977222138613229e+02
1.260036848569255170e+02
1.260036848569255170e+02
1.261991562427536451e+02
1.262868242479819116e+02
1.262868242479819116e+02
1.262868242479819116e+02
1.262868242479819116e+02
1.262868242479819116e+02
1.264176999840755968e+02
1.264176999840755968e+02
1.265766850995368031e+02
1.265766850995368031e+02
1.265766850995368031e+02
1.267277604285841903e+02
1.267277604285841903e+02
1.271053032993673213e+02
1.271053032993673213e+02
1.271053032993673213e+02
1.271053032993673213e+02
1.274763796312625885e+02
1.274763796312625885e+02
1.274844836323969588e+02
1.274844836323969588e+02
1.276315696771719530e+02
1.277447399538039576e+02
1.279073204311580128e+02
1.280366325014576603e+02
1.280366325014576603e+02
1.280366325014576603e+02
1.281189308521405508e+02
1.281189308521405508e+02
1.281189308521405508e+02
1.281866957295676741e+02
1.283590693277772630e+02
1.283590693277772630e+02
1.287706215569099868e+02
1.287706215569099868e+02
1.287706215569099868e+02
1.288014914628670056e+02
1.292797625661158634e+02
1.292797625661158634e+02
1.293951659790272117e+02
1.294675950367671646e+02
1.294675950367671646e+02
1.295759207367469230e+02
1.295759207367469230e+02
1.295759207367469230e+02
1.296559670779310238e+02
1.297255594359738495e+02
1.297255594359738495e+02
1.299431324125145295e+02
1.303295341382799961e+02
1.307415793413135816e+02
1.308455199026730327e+02
1.308455199026730327e+02
1.308455199026730327e+02
1.308455199026730327e+02
1.311367096495644375e+02
1.315757484016822332e+02
1.318522021420632200e+02
1.318522021420632200e+02
1.320331048689241413e+02
1.322788036703292676e+02
1.324633215113175027e+02
1.324633215113175027e+02
1.326339447975323651e+02
1.327692196539114207e+02
1.327692196539114207e+02
1.328374207399621980e+02
1.328738405666412348e+02
1.329510853066894640e+02
1.329510853066894640e+02
1.331763486392332538e+02
1.335496400725502326e+02
1.335939500441503469e+02
1.337595701615711619e+02
1.337595701615711619e+02
1.337595701615711619e+02
1.337595701615711619e+02
1.337595701615711619e+02
1.337595701615711619e+02
1.337595701615711619e+02
1.339001050310263565e+02
1.339001050310263565e+02
1.340298744488977718e+02
1.340628689849636430e+02
1.340628689849636430e+02
1.341126300286812523e+02
1.341126300286812523e+02
1.342511297383423141e+02
1.343599105103743057e+02
1.345804606680155757e+02
1.345804606680155757e+02
1.346707890283464621e+02
1.346707890283464621e+02
1.346707890283464621e+02
1.346707890283464621e+02
1.349261225770802355e+02
1.351994929657145406e+02
1.351994929657145406e+02
1.351994929657145406e+02
1.356270542126794965e+02
1.356780496030360723e+02
1.358449734727794862e+02
1.359084607893757095e+02
1.359084607893757095e+02
1.361124531108043243e+02
1.361251665646540516e+02
1.364220723210308392e+02
1.364220723210308392e+02
1.364776055113092355e+02
1.364776055113092355e+02
1.364776055113092355e+02
1.364776055113092355e+02
1.364776055113092355e+02
1.364776055113092355e+02
1.364776055113092355e+02
1.364890993562003985e+02
1.364890993562003985e+02
1.366506334932904281e+02
1.368338340559245694e+02
1.368338340559245694e+02
1.369158817359647742e+02
1.369785646865985882e+02
1.372143563021664079e+02
1.372143563021664079e+02
1.372143563021664079e+02
1.372143563021664079e+02
1.372341052469703584e+02
1.372451103397504824e+02
1.372451103397504824e+02
1.372451103397504824e+02
1.373279841752557786e+02
1.374136785651522246e+02
1.374136785651522246e+02
1.376488837737434210e+02
1.380275483022537060e+02
1.380709179200335086e+02
1.383300023327090855e+02
1.383577092552937415e+02
1.383577092552937415e+02
1.383577092552937415e+02
1.383577092552937415e+02
1.383674424077507297e+02
1.383674424077507297e+02
1.383820707336849694e+02
1.383820707336849694e+02
1.383820707336849694e+02
1.383820707336849694e+02
1.383820707336849694e+02
1.383820707336849694e+02
1.383820707336849694e+02
1.384123906467674772e+02
1.385591205165389397e+02
1.385591205165389397e+02
1.385591205165389397e+02
1.386534291135504020e+02
1.386534291135504020e+02
1.386534291135504020e+02
1.388493060875006506e+02
1.388493060875006506e+02
1.388538548262212373e+02
1.389135743591789378e+02
1.390438329384351164e+02
1.392395612406790235e+02
1.392700533251907302e+02
1.392700533251907302e+02
1.393174058464230427e+02
1.393174058464230427e+02
1.393174058464230427e+02
1.395010397531390254e+02
1.395010397531390254e+02
1.395599171567656640e+02
1.398415770246897125e+02
1.398802128378032990e+02
1.401446156997392336e+02
1.401446156997392336e+02
1.401446156997392336e+02
1.401446156997392336e+02
1.401969595008580711e+02
1.402010908462965517e+02
1.403803073302703979e+02
1.404418755967315064e+02
1.404418755967315064e+02
1.404418755967315064e+02
1.405414672137971763e+02
1.405414672137971763e+02
1.407199003883477246e+02
1.407199003883477246e+02
1.407199003883477246e+02
1.407881760532892486e+02
1.409291722332233121e+02
1.409291722332233121e+02
1.409291722332233121e+02
1.409349340112789264e+02
1.410774712046209345e+02
1.410774712046209345e+02
1.410774712046209345e+02
1.410774712046209345e+02
1.411934519936444019e+02
1.411934519936444019e+02
1.413212349303454971e+02
1.413212349303454971e+02
1.413384425544116709e+02
1.413384425544116709e+02
1.413384425544116709e+02
1.414369574483788767e+02
1.415920203382006264e+02
1.415920203382006264e+02
1.415920203382006264e+02
1.415920203382006264e+02
1.416887738707616506e+02
1.416887738707616506e+02
1.417500232289865494e+02
1.417500232289865494e+02
1.418042783340409869e+02
1.418278180674698490e+02
1.418278180674698490e+02
1.418278180674698490e+02
1.418278180674698490e+02
1.420010031780919348e+02
1.420010031780919348e+02
1.422142934072193725e+02
1.422451224276606467e+02
1.422451224276606467e+02
1.423029040647145393e+02
1.423029040647145393e+02
1.423029040647145393e+02
1.423029040647145393e+02
1.423665930068946182e+02
1.423665930068946182e+02
1.423665930068946182e+02
1.427213108181692292e+02
1.427893287322658296e+02
1.427893287322658296e+02
1.427893287322658296e+02
1.427893287322658296e+02
1.427893287322658296e+02
1.427893287322658296e+02
1.427931935698843233e+02
1.428344672556914077e+02
1.428344672556914077e+02
1.429615982188529983e+02
1.429615982188529983e+02
1.432312218378210957e+02
1.432312218378210957e+02
1.432312218378210957e+02
1.432312218378210957e+02
