4.896953901158038747e-01
8.237374519461928557e-01
1.148895417990313028e+00
1.221202210617360340e+00
1.693138386584146726e+00
2.436669435665475003e+00
3.036324540025115759e+00
3.789998989842577881e+00
4.103385828406876712e+00
4.678688773072610552e+00
5.317065132587110554e+00
5.986996559143927144e+00
6.606849758336033496e+00
7.184543440593324171e+00
7.963925921541909148e+00
8.173862947658127709e+00
8.304753954628960599e+00
9.052231282301718807e+00
9.553879796165615446e+00
1.008417320326323008e+01
1.055690275499943986e+01
1.130677930273265730e+01
1.175547404302377785e+01
1.215190327444549112e+01
1.279194386596137711e+01
1.311731702380107301e+01
1.348225807043709246e+01
1.427807788986088156e+01
1.471655936866169156e+01
1.539726847626283934e+01
1.560281401169998361e+01
1.600159518644777279e+01
1.642178406760507414e+01
1.704855257178525818e+01
1.727573534231844832e+01
1.753807494202630934e+01
1.828378314980793462e+01
1.895962683178374419e+01
1.955026261935069343e+01
2.027064260977296684e+01
2.068971963694829697e+01
2.102904870615660471e+01
2.176129640650152197e+01
2.229674679810882054e+01
2.254246538040086634e+01
2.290106297542005720e+01
2.296017091932991860e+01
2.359081393838099672e+01
2.417949652131259697e+01
2.455193566953842321e+01
2.486545411415418272e+01
2.540557154646625904e+01
2.588120380148065891e+01
2.641349564824045615e+01
2.699738941728777419e+01
2.748674104527211881e+01
2.776237925489384040e+01
2.819169162683348873e+01
2.846220077630610845e+01
2.878731073660085116e+01
2.914811602082591691e+01
2.987548998037083336e+01
3.033472925664484166e+01
3.089275376999898270e+01
3.159025871538376862e+01
3.197397308262449656e+01
3.226792475624534262e+01
3.268465145223643020e+01
3.337539401382895932e+01
3.343194392797038006e+01
3.368063237355274708e+01
3.368063237355274708e+01
3.392259461546888133e+01
3.427180777156665670e+01
3.429697694641854611e+01
3.429697694641854611e+01
3.461918482827580590e+01
3.475471384197926739e+01
3.499059109650275445e+01
3.532231661431135450e+01
3.539565511926721086e+01
3.589628455805036822e+01
3.614503547999069610e+01
3.676516459759250210e+01
3.702278808325113602e+01
3.761758241235790479e+01
3.800278470803451825e+01
3.819217025756973527e+01
3.920217781807570390e+01
3.991618250857055727e+01
4.031115232814680382e+01
4.096957728192641213e+01
4.113710455623107975e+01
4.159312626876982222e+01
4.236052490207087828e+01
4.286424783214801693e+01
4.319266944637703176e+01
4.343471028267622103e+01
4.388727929018676832e+01
4.388727929018676832e+01
4.421468354733809747e+01
4.484624028775185423e+01
4.545388252192369549e+01
4.578827591013280340e+01
4.607843667982768210e+01
4.618574708432925036e+01
4.635173530757074190e+01
4.635173530757074190e+01
4.665628691059608713e+01
4.716096661457839190e+01
4.761966311537808849e+01
4.761966311537808849e+01
4.781586606622136060e+01
4.819769506566152728e+01
4.855473022080840195e+01
4.855473022080840195e+01
4.904020734091129441e+01
4.923550271164729253e+01
4.985020613369061948e+01
5.008068186531725274e+01
5.008068186531725274e+01
5.048088754690973445e+01
5.087463132174490710e+01
5.108378089986863557e+01
5.143322831445186694e+01
5.213518786374883263e+01
5.229440599359359965e+01
5.282853900930243896e+01
5.301044486812277512e+01
5.337058567715089197e+01
5.389666311082417138e+01
5.463625380457448699e+01
5.511372987848292837e+01
5.553854513793852021e+01
5.585667261994660748e+01
5.605346638042260565e+01
5.623129245585705860e+01
5.631158194677737328e+01
5.677696790774285773e+01
5.711570880933962258e+01
5.800685994873306583e+01
5.835993836506628440e+01
5.891579335119021721e+01
5.944829609081556754e+01
5.979809196626461443e+01
6.047973442219653606e+01
6.100387058940548002e+01
6.109559685143820928e+01
6.170887220359978187e+01
6.205795143107865641e+01
6.231293757667819477e+01
6.275147581796478136e+01
6.308495453454099788e+01
6.371220038387592410e+01
6.371614561932069165e+01
6.392551324265660639e+01
6.432020996043915773e+01
6.457536210735717930e+01
6.491126176494621802e+01
6.585788971329013464e+01
6.593921712792780454e+01
6.629026085628309772e+01
6.659213354731633672e+01
6.716528297252138202e+01
6.754785596152669314e+01
6.802376974146292810e+01
6.848676405922837773e+01
6.861656224898784728e+01
6.929934781697802748e+01
6.968600336878270696e+01
7.012973693399561625e+01
7.058889480079130863e+01
7.122847140922816322e+01
7.157884897756179043e+01
7.157884897756179043e+01
7.220860147323584499e+01
7.236417817729324042e+01
7.250209904763939051e+01
7.278385311497028454e+01
7.328451750849346524e+01
7.360585949650369741e+01
7.400296627056799537e+01
7.406126308755649745e+01
7.446100190458990653e+01
7.471380534175075638e+01
7.491186238897526550e+01
7.499639748909642378e+01
7.550111370909993980e+01
7.594269392469857394e+01
7.599505023603713028e+01
7.599942199002339294e+01
7.636496662874635888e+01
7.684798499465009058e+01
7.728477519695688613e+01
7.768286470563849377e+01
7.804256387717468613e+01
7.816942106012058389e+01
7.873093943656087390e+01
7.910657658711599538e+01
7.949811859283244075e+01
7.981923997898618950e+01
8.006392269163445974e+01
8.029741417984725160e+01
8.040011379206396214e+01
8.092451024243274560e+01
8.118143091419668167e+01
8.151238845882313910e+01
8.172225998041875528e+01
8.206604705663677635e+01
8.238281526332988847e+01
8.312680779174563384e+01
8.351836631553359780e+01
8.351836631553359780e+01
8.351836631553359780e+01
8.361057989250006983e+01
8.411257323359399152e+01
8.477431445724518255e+01
8.509343239130643610e+01
8.518879301968989637e+01
8.542759299370997894e+01
8.587201817676033500e+01
8.621855413768534504e+01
8.648037497530408757e+01
8.676779958349813171e+01
8.743165961148478971e+01
8.752979021419497485e+01
8.808297918498736578e+01
8.831043492319872712e+01
8.866221778381233776e+01
8.906917174005617710e+01
8.926192566925220717e+01
8.950752835799032425e+01
8.959544567578588214e+01
8.988359816801006730e+01
8.991714941824504592e+01
8.991714941824504592e+01
9.046578065010959335e+01
9.086723696742102163e+01
9.146264872077139785e+01
9.159876238409583493e+01
9.189369621752345552e+01
9.226440949518794810e+01
9.291458291630665656e+01
9.292090926205540313e+01
9.337899532587178442e+01
9.337899532587178442e+01
9.360379004556055804e+01
9.398274086964190133e+01
9.431470364929229788e+01
9.448961685403151023e+01
9.497602181111770392e+01
9.540433693416811423e+01
9.543801467685270268e+01
9.605219680232038115e+01
9.607495338207796465e+01
9.623252478330616100e+01
9.667042883536768727e+01
9.700028904119317019e+01
9.707042712117835492e+01
9.730445596038386213e+01
9.752274832967488294e+01
9.774281102251879361e+01
9.774281102251879361e+01
9.825760617967191024e+01
9.825760617967191024e+01
9.833891844387305525e+01
9.849786174959388063e+01
9.883849485276249425e+01
9.883849485276249425e+01
9.917932008915173014e+01
9.917932008915173014e+01
9.952846264453987146e+01
1.000218808478969095e+02
1.000218808478969095e+02
1.004245688963273864e+02
1.011716833774813438e+02
1.011716833774813438e+02
1.016138502230227942e+02
1.016430218613245700e+02
1.020273495053227180e+02
1.020737656093302377e+02
1.020737656093302377e+02
1.028401697859248571e+02
1.030933236395058117e+02
1.032366625157500692e+02
1.032408449437270406e+02
1.037945755222793593e+02
1.037945755222793593e+02
1.039275533945983057e+02
1.039275533945983057e+02
1.041744290840207015e+02
1.041744290840207015e+02
1.042777119315274490e+02
1.046152058734961372e+02
1.047526312939666440e+02
1.047526312939666440e+02
1.047526312939666440e+02
1.047526312939666440e+02
1.048894568455807104e+02
1.050320106524975330e+02
1.052386697036542671e+02
1.056278463428323846e+02
1.057540894991691403e+02
1.057904985866292265e+02
1.059176192074278191e+02
1.059218706464110227e+02
1.059218706464110227e+02
1.062244923107560481e+02
1.062244923107560481e+02
1.062244923107560481e+02
1.069157718928406808e+02
1.069157718928406808e+02
1.072697644322591941e+02
1.077172172245072517e+02
1.082342566354200244e+02
1.082342566354200244e+02
1.083975414780785940e+02
1.088343681765827853e+02
1.092651377653833435e+02
1.095809071896256341e+02
1.099446981547830120e+02
1.105649276696887284e+02
1.107629439432940046e+02
1.107629439432940046e+02
1.107629439432940046e+02
1.108061153533292611e+02
1.109928776069538401e+02
1.114073003726427089e+02
1.116799557921019499e+02
1.117817419201456488e+02
1.121180664354575640e+02
1.124828853521882479e+02
1.124828853521882479e+02
1.126562232989219154e+02
1.128478119543978266e+02
1.131792446008512627e+02
1.136864839264659111e+02
1.137371385576339122e+02
1.138457496466469507e+02
1.138457496466469507e+02
1.139075122931456718e+02
1.142906029139545296e+02
1.142906029139545296e+02
1.145699792123468939e+02
1.145699792123468939e+02
1.147686798013093750e+02
1.155144956062544708e+02
1.158124659978224003e+02
1.158124659978224003e+02
1.159961919223937770e+02
1.163960820299652426e+02
1.163960820299652426e+02
1.165045989811923448e+02
1.167977312979205209e+02
1.173843012361131173e+02
1.177099230531799066e+02
1.182434842794346679e+02
1.184833696118077739e+02
1.191613990656013868e+02
1.193234187960875090e+02
1.196982500210302476e+02
1.201464160235261858e+02
1.203371764234298666e+02
1.204593122107915661e+02
1.206737397511932812e+02
1.208096092015213117e+02
1.209115595488784294e+02
1.209422920707988567e+02
1.209422920707988567e+02
1.210206037294220209e+02
1.210206037294220209e+02
1.211584972826660902e+02
1.214067047737228648e+02
1.214067047737228648e+02
1.216152868684209665e+02
1.217826409450143927e+02
1.219962070429771614e+02
1.222170377452073495e+02
1.222798858011081222e+02
1.226059723990607750e+02
1.227556899125761305e+02
1.230381157124265030e+02
1.231667902372499981e+02
1.231667902372499981e+02
1.235632258609420973e+02
1.239060577189613639e+02
1.240399637524177621e+02
1.243953478541047417e+02
1.251273444015540264e+02
1.254453546854105355e+02
1.257528396971349736e+02
1.262406341407490515e+02
1.265662554303518306e+02
1.265777991276382437e+02
1.265977778572633525e+02
1.268127830658058599e+02
1.268127830658058599e+02
1.269419855576352347e+02
1.271924771171494513e+02
1.276394437490592253e+02
1.276394437490592253e+02
1.276394437490592253e+02
1.283673194914285602e+02
1.283673194914285602e+02
1.283673194914285602e+02
1.288083865204738458e+02
1.291072552972220819e+02
1.294698939963697910e+02
1.297258827428360632e+02
1.298729779924515810e+02
1.301489318903716708e+02
1.301973858782183413e+02
1.306888652926804184e+02
1.307070783389425230e+02
1.309075944176756821e+02
1.312074535786630918e+02
1.314092462758730733e+02
1.315175334504295392e+02
1.316750929601642213e+02
1.316750929601642213e+02
1.317703481730835051e+02
1.317703481730835051e+02
1.321232389311765019e+02
1.321232389311765019e+02
1.323982540941022421e+02
1.324326600118606905e+02
1.324831247024961556e+02
1.326313010618933390e+02
1.326639411924648471e+02
1.331914916021677868e+02
1.332479864908366380e+02
1.337142443149066935e+02
1.340445977410763589e+02
1.340445977410763589e+02
1.343842906730153857e+02
1.345235988996937806e+02
1.349318486163537614e+02
1.350671653188637151e+02
1.353923164672085591e+02
1.355903979391732719e+02
1.361248554650916844e+02
1.364042178416563047e+02
1.369233253348765800e+02
1.371125105641310427e+02
1.373249823321593794e+02
1.374964962638317445e+02
1.376611230211675831e+02
1.380540342244674719e+02
1.384513807305298769e+02
1.389908808484567260e+02
1.392794901817732125e+02
1.395971392886660283e+02
1.399971111805878934e+02
1.401681812498721627e+02
1.404760504855141789e+02
1.408864456190805186e+02
1.413014767360960207e+02
1.417140200095537921e+02
1.419675605145366148e+02
1.421176153128925819e+02
1.424993246567512699e+02
1.428937045431707418e+02
1.429250197407721430e+02
1.431292229121785056e+02
1.433012890213016703e+02
1.433012890213016703e+02
1.433305785002641528e+02
1.436326989278124699e+02
1.441318858419600986e+02
1.443592726808544171e+02
1.446267547930922603e+02
1.447496295815918188e+02
1.449041559942842810e+02
1.453889869542163353e+02
1.455557304306741457e+02
1.460790113697021013e+02
1.466406366320720451e+02
1.470330656626083510e+02
1.471717133064559562e+02
1.471763093640057036e+02
1.474618442691945859e+02
1.485006779707823625e+02
1.487239349288070400e+02
1.490707087838619884e+02
1.490827741649409290e+02
1.496394116571160851e+02
1.497581844532134880e+02
1.497581844532134880e+02
1.499719817762235436e+02
1.499719817762235436e+02
1.503146840597701157e+02
1.505614745375639245e+02
1.507725464741124881e+02
1.511267240653023407e+02
1.514411746413396997e+02
1.514411746413396997e+02
1.518312732915312324e+02
1.521120188204029091e+02
1.524431729662209136e+02
1.524764490641755401e+02
1.527311613964950254e+02
1.529422625912107776e+02
1.529422625912107776e+02
1.533552444025401655e+02
1.533552444025401655e+02
1.534970434619246760e+02
1.538348015327835867e+02
1.538348015327835867e+02
1.541248340026081678e+02
1.546466289036498551e+02
1.550031750282758765e+02
1.553560156755263506e+02
1.558000466557600987e+02
1.558000466557600987e+02
1.566681845246198179e+02
1.571877766765442175e+02
1.577171866167805661e+02
1.583591410884575907e+02
1.588649146317878547e+02
1.594070098707892669e+02
1.597012300974610923e+02
1.599869408029050817e+02
1.601966330814667856e+02
1.601966330814667856e+02
1.603133426478375441e+02
1.604837545443476188e+02
1.608611730477972799e+02
1.612973126780950111e+02
1.613601854525489330e+02
1.615305783888910867e+02
1.616656642491622335e+02
1.619051613981548314e+02
1.624390374256658447e+02
1.631962505290430556e+02
1.635951167957303483e+02
1.636657093804578551e+02
1.642441806045721648e+02
1.647833126540615751e+02
1.650991209300714786e+02
1.651222181045785646e+02
1.653296182895383026e+02
1.653296182895383026e+02
1.656975806501908721e+02
1.657725216136487347e+02
1.657760357560026137e+02
1.660356470685279078e+02
1.662046519045449600e+02
1.662300379624204822e+02
1.662300379624204822e+02
1.662916213507451459e+02
1.662916213507451459e+02
1.665721435921220746e+02
1.667335413641676780e+02
1.669714580675701825e+02
1.671936098341464003e+02
1.676215999527256031e+02
1.681933380649542187e+02
1.681933380649542187e+02
1.683298583435740738e+02
1.687880533282692568e+02
1.687880533282692568e+02
1.693163632383674440e+02
1.693163632383674440e+02
1.693163632383674440e+02
1.693615453839244083e+02
1.693615453839244083e+02
1.694146929781385040e+02
1.694501083637290719e+02
1.696965722723773240e+02
1.699853780909852219e+02
1.703868891826971037e+02
1.706720087348081734e+02
1.707643664884612065e+02
1.707643664884612065e+02
1.708405736177079461e+02
1.708405736177079461e+02
1.708567085633050340e+02
1.708567085633050340e+02
1.709659212541288014e+02
1.709659212541288014e+02
1.714254270587124722e+02
1.716618953312093652e+02
1.716759934891753119e+02
1.723097542985016730e+02
1.723380803135596864e+02
1.723380803135596864e+02
1.723474643409947475e+02
1.723845849406735624e+02
1.725652290007203078e+02
1.728444909958753044e+02
1.731163382190666198e+02
1.731163382190666198e+02
1.732168840737142546e+02
1.732168840737142546e+02
1.732168840737142546e+02
1.733808837643047696e+02
1.735978439696680482e+02
1.737465331774934327e+02
1.737465331774934327e+02
1.737465331774934327e+02
1.739872101564748164e+02
1.744941298074642191e+02
1.744941298074642191e+02
1.747223719383876812e+02
1.748067393380539158e+02
1.749047620085563608e+02
1.751205111607376921e+02
1.755336636856370660e+02
1.755336636856370660e+02
1.756575091792479100e+02
1.756575091792479100e+02
1.758679793409938554e+02
1.759140205916199022e+02
1.761560535308507554e+02
1.761560535308507554e+02
1.762176687342381172e+02
1.762176687342381172e+02
1.762176687342381172e+02
1.763436712507303241e+02
1.765485233936672387e+02
1.765485233936672387e+02
1.765485233936672387e+02
1.766566731571341222e+02
1.767234713126930501e+02
1.767234713126930501e+02
1.769068916798367752e+02
1.769069666102877250e+02
1.769069666102877250e+02
1.770565054647008196e+02
1.770565054647008196e+02
1.770565054647008196e+02
1.772930520655565090e+02
1.773522425744538111e+02
1.775599076939028578e+02
1.778685520935575823e+02
1.778685520935575823e+02
1.781201802381216908e+02
1.781201802381216908e+02
1.783783493554346364e+02
1.783783493554346364e+02
1.783783493554346364e+02
1.784955520619357685e+02
1.784955520619357685e+02
1.787226366688028918e+02
1.789220675693887017e+02
1.789220675693887017e+02
1.789997173925736149e+02
1.792517134249188189e+02
1.795151996377255728e+02
1.795209544895715510e+02
1.795209544895715510e+02
1.795895973783602528e+02
1.798293578724820350e+02
1.802321400148946395e+02
1.802321400148946395e+02
1.802321400148946395e+02
1.802321400148946395e+02
1.802321400148946395e+02
1.803369974813797114e+02
1.803369974813797114e+02
1.803802102671518810e+02
1.805576291325145348e+02
1.806783107282074639e+02
1.806783107282074639e+02
1.806783107282074639e+02
1.806783107282074639e+02
1.808627045533437467e+02
1.811173621229467869e+02
1.811173621229467869e+02
1.811173621229467869e+02
1.814093863584803046e+02
1.814093863584803046e+02
1.815968128195733016e+02
1.815968128195733016e+02
1.815968128195733016e+02
1.817053851255467123e+02
1.818229046353440594e+02
1.818229046353440594e+02
1.818280231976843311e+02
1.819648212461471815e+02
1.820977529252853060e+02
1.820977529252853060e+02
1.820977529252853060e+02
1.820977529252853060e+02
1.821401198708442450e+02
1.821401198708442450e+02
1.821401198708442450e+02
1.821401198708442450e+02
1.821401198708442450e+02
1.822516151138590601e+02
1.825551578499088237e+02
1.826888606878213466e+02
1.828628313016781988e+02
1.828628313016781988e+02
1.828628313016781988e+02
1.828628313016781988e+02
1.828628313016781988e+02
1.829020708745440231e+02
1.829020708745440231e+02
1.831740599788912789e+02
1.832423612673985360e+02
1.832465155791265374e+02
1.836260777283572736e+02
1.836260777283572736e+02
1.836421327141547408e+02
1.836421327141547408e+02
1.838003870840587979e+02
1.838003870840587979e+02
1.839187606227638128e+02
1.839187606227638128e+02
1.841718886769542678e+02
1.841718886769542678e+02
1.841718886769542678e+02
1.841718886769542678e+02
1.841718886769542678e+02
1.841718886769542678e+02
1.841718886769542678e+02
1.841718886769542678e+02
1.841718886769542678e+02
1.841718886769542678e+02
1.844616820596966136e+02
1.845389072344522958e+02
1.846368672803828304e+02
1.846506024650275037e+02
1.846506024650275037e+02
1.848064722682219951e+02
1.848064722682219951e+02
1.848212891556327691e+02
1.849523908097611979e+02
1.851487239735017170e+02
1.851487239735017170e+02
1.852749185250956714e+02
1.852772492204123296e+02
1.852772492204123296e+02
1.852772492204123296e+02
1.852772492204123296e+02
1.854335800361275517e+02
1.854335800361275517e+02
1.854335800361275517e+02
1.854335800361275517e+02
1.855169821574920661e+02
1.855565496928447828e+02
1.855565496928447828e+02
1.855565496928447828e+02
1.856640454014706734e+02
1.856640454014706734e+02
1.857953531067849156e+02
1.861329350328792032e+02
1.861329350328792032e+02
1.861849986479644485e+02
1.863178763669639579e+02
1.863178763669639579e+02
1.863178763669639579e+02
1.863411199860359204e+02
1.863411199860359204e+02
1.863411199860359204e+02
1.863411199860359204e+02
1.863411199860359204e+02
1.865637309969513637e+02
1.866173204548355500e+02
1.866173204548355500e+02
1.866173204548355500e+02
1.866173204548355500e+02
1.866911508364935059e+02
1.866911508364935059e+02
1.867397962829940070e+02
1.869209064240832845e+02
1.869840941857877397e+02
1.870743867925315556e+02
1.872967973454125286e+02
1.872967973454125286e+02
1.872967973454125286e+02
1.872967973454125286e+02
1.874606987177353972e+02
1.875949500658822728e+02
1.875949500658822728e+02
1.876660129866487807e+02
1.877052361786839469e+02
1.880466756732818396e+02
1.880466756732818396e+02
1.880466756732818396e+02
1.880466756732818396e+02
1.883254970059748530e+02
1.886191317281126487e+02
1.886191317281126487e+02
1.886191317281126487e+02
1.886191317281126487e+02
1.886191317281126487e+02
1.891089933308724937e+02
1.891089933308724937e+02
1.891089933308724937e+02
1.891089933308724937e+02
1.891089933308724937e+02
1.892611768015582072e+02
1.892611768015582072e+02
1.892611768015582072e+02
1.892611768015582072e+02
1.893155348551596830e+02
1.893155348551596830e+02
1.893155348551596830e+02
1.893155348551596830e+02
1.896088195108241905e+02
1.897049242496480872e+02
1.897049242496480872e+02
1.897666440145151228e+02
1.900015324399345218e+02
1.900015324399345218e+02
1.901473138623206296e+02
1.901473138623206296e+02
1.902261119622969545e+02
1.902261119622969545e+02
1.903108982786671390e+02
1.904375298793632680e+02
1.904375298793632680e+02
1.904505662718962640e+02
1.904939991451983303e+02
1.905291051854646582e+02
1.905291051854646582e+02
1.905325633556452374e+02
1.905808118525746409e+02
1.906523889883186769e+02
1.906523889883186769e+02
1.906523889883186769e+02
1.906523889883186769e+02
1.906523889883186769e+02
1.907389668529961000e+02
1.907546569361747686e+02
1.908780905946410940e+02
1.908986337552285875e+02
1.911092208130344545e+02
1.912766617164622289e+02
1.912766617164622289e+02
1.912766617164622289e+02
1.913311026761485039e+02
1.914398377597163119e+02
1.916116990156166935e+02
1.916116990156166935e+02
1.916116990156166935e+02
1.917479730115465486e+02
1.918271970604936882e+02
1.918271970604936882e+02
1.918271970604936882e+02
1.918271970604936882e+02
1.918271970604936882e+02
1.919201904379481505e+02
1.919498729662158780e+02
1.919498729662158780e+02
1.920598069489767568e+02
1.921652770058807391e+02
1.921652770058807391e+02
1.922421332964724741e+02
1.925098468226661339e+02
1.925098468226661339e+02
1.925098468226661339e+02
1.925262422592927862e+02
1.928109101838865342e+02
1.928109101838865342e+02
1.928604733279823904e+02
1.929864287540774797e+02
1.932538029546126666e+02
1.932538029546126666e+02
1.932538029546126666e+02
1.934766712622909495e+02
1.934766712622909495e+02
1.934766712622909495e+02
1.934766712622909495e+02
1.935611387066751945e+02
1.936546593142252277e+02
1.936862270965706045e+02
1.936862270965706045e+02
1.937031513069439654e+02
1.938387974719987028e+02
1.938387974719987028e+02
1.939402824566073775e+02
1.939402824566073775e+02
1.939689384017439409e+02
1.940868683181215602e+02
1.942290038472467870e+02
1.942897636265836354e+02
1.942897636265836354e+02
1.942897636265836354e+02
1.942897636265836354e+02
1.943395031186617246e+02
1.943829740972737739e+02
1.944335173695841092e+02
1.946779757040615380e+02
1.946779757040615380e+02
1.946779757040615380e+02
1.946779757040615380e+02
1.947129844631245703e+02
1.947347745240789436e+02
1.949206062087993701e+02
1.949206062087993701e+02
1.949206062087993701e+02
1.949206062087993701e+02
1.952864263348618863e+02
1.952864263348618863e+02
1.953429050201116297e+02
1.953429050201116297e+02
1.953920661205948477e+02
1.954525111182209685e+02
1.955228984193584552e+02
1.955228984193584552e+02
1.955412263833532336e+02
1.958056296465357491e+02
1.958056296465357491e+02
1.958056296465357491e+02
1.959586074966315437e+02
1.959586074966315437e+02
1.960215240735760176e+02
1.960215240735760176e+02
1.961301688019843539e+02
1.962226373594444340e+02
1.964017376459204343e+02
1.964017376459204343e+02
1.964862848530040651e+02
1.967169674549765546e+02
1.967169674549765546e+02
1.967169674549765546e+02
1.969045990100549091e+02
1.969045990100549091e+02
1.969723168303191585e+02
1.969723168303191585e+02
1.969723168303191585e+02
1.972481637674489150e+02
1.972481637674489150e+02
1.972500888439990092e+02
1.974193176866900217e+02
1.974193176866900217e+02
1.976749687256654795e+02
1.977727375285282392e+02
1.979300394060897190e+02
1.980564388058967324e+02
1.981588651190518249e+02
1.981588651190518249e+02
1.983516727737185477e+02
1.985912243739571181e+02
1.986530543508637834e+02
1.988655348326069259e+02
1.988655348326069259e+02
1.990677948341566434e+02
1.991680818646229056e+02
1.991680818646229056e+02
1.991867460847590507e+02
1.991867460847590507e+02
1.991867460847590507e+02
1.991867460847590507e+02
1.991867460847590507e+02
1.995186219265649186e+02
1.995186219265649186e+02
1.995186219265649186e+02
1.995186219265649186e+02
1.996911703074746072e+02
1.997486519392163018e+02
1.999255977305473664e+02
1.999255977305473664e+02
1.999255977305473664e+02
2.001868333897341472e+02
2.001868333897341472e+02
2.001868333897341472e+02
2.004551203402100725e+02
2.005364965420741044e+02
2.006978845699571536e+02
2.007600650706107501e+02
2.008444494118458010e+02
2.008444494118458010e+02
2.008444494118458010e+02
2.009912186872793427e+02
2.009912186872793427e+02
2.012732888520199879e+02
2.014245048021610103e+02
2.017960062755733475e+02
2.017960062755733475e+02
2.018075560362020724e+02
2.018502541398418941e+02
2.018502541398418941e+02
2.018502541398418941e+02
2.019672190310788835e+02
2.019672190310788835e+02
2.019672190310788835e+02
2.021751660146789220e+02
2.021751660146789220e+02
2.021751660146789220e+02
2.022520293796417263e+02
2.022520293796417263e+02
2.022520293796417263e+02
2.024579499960926512e+02
2.024680274695338085e+02
2.024919147585130190e+02
2.027248340990496445e+02
2.027248340990496445e+02
2.028052556104259452e+02
2.030557415568992212e+02
2.034227856877415093e+02
2.036245464366165265e+02
2.039647056999901906e+02
2.039647056999901906e+02
2.039647056999901906e+02
2.044341751207296340e+02
2.044341751207296340e+02
