4.552503214664831432e-01
6.816692626560446611e-01
7.992441522816416954e-01
9.935198395194787535e-01
1.560816724706400871e+00
1.633249229446467998e+00
1.965757159102063945e+00
2.229733922814800540e+00
2.281489040968496695e+00
2.449597663602229858e+00
2.449597663602229858e+00
2.645593253042778592e+00
3.355504561793116736e+00
4.136097191094240344e+00
4.528066952024865977e+00
5.058427088960348428e+00
5.260537951422701752e+00
5.736771872020178797e+00
6.074851354715996798e+00
6.074851354715996798e+00
6.128677629876161603e+00
6.443009538458730923e+00
6.900490065196986933e+00
7.770736524940309309e+00
8.357378523094885381e+00
9.131026550691824895e+00
9.330465492339245159e+00
9.995451683995712600e+00
1.008294167378439177e+01
1.059796136084768747e+01
1.095013197954202333e+01
1.119230627582049920e+01
1.190278017701219326e+01
1.256056552280521466e+01
1.305262845323558096e+01
1.377399655414377300e+01
1.425558420624224176e+01
1.497459973518316723e+01
1.551912311264213429e+01
1.600568446067178741e+01
1.646442549247313281e+01
1.715820807269217241e+01
1.768047682112956664e+01
1.825990948899885780e+01
1.865688612005907743e+01
1.913311772698973456e+01
1.976509298410516990e+01
2.030285879505045443e+01
2.088386583434007449e+01
2.173241333220378735e+01
2.240706755742425926e+01
2.311503309975551801e+01
2.371390149454273200e+01
2.420597693306833165e+01
2.476354416744747056e+01
2.559968417808681806e+01
2.605998127437670675e+01
2.704739098483468851e+01
2.763504913709855870e+01
2.813667826672929451e+01
2.862847163129043437e+01
2.896550473339448928e+01
2.954497846198016475e+01
3.015014293853256078e+01
3.082871498643347508e+01
3.136755604190861391e+01
3.165104286182254256e+01
3.210550144782339999e+01
3.287241519285954183e+01
3.309784091246269355e+01
3.352514324427363590e+01
3.440581220659763773e+01
3.525775946454496079e+01
3.592652655531319539e+01
3.654447977181002472e+01
3.721517370513257106e+01
3.804202132472120468e+01
3.849851459616510851e+01
3.910338084175184292e+01
3.997581722416619954e+01
4.048070587215243421e+01
4.114218690292360492e+01
4.155199992618350535e+01
4.184470364183351165e+01
4.278911622960806227e+01
4.353777897647891137e+01
4.402389255550941982e+01
4.470278249274384308e+01
4.529941549471246276e+01
4.576533932026919871e+01
4.634007768943599359e+01
4.668618363644549873e+01
4.750791314211017635e+01
4.798081462084351756e+01
4.839774088977343780e+01
4.902219445771606843e+01
4.937393518170811291e+01
4.988130166558342182e+01
5.079256967100796061e+01
5.174182074652907204e+01
5.220855011301581783e+01
5.302031780405104655e+01
5.337130260416792282e+01
5.385942500334387262e+01
5.460738764850083982e+01
5.513424771248827483e+01
5.571885990656991083e+01
5.629983449228965497e+01
5.686002583292126644e+01
5.725568223228158615e+01
5.786602654636481446e+01
5.824796065095511466e+01
5.876794461666407443e+01
5.971400660040356456e+01
6.036172561967041617e+01
6.107541902299809067e+01
6.163597834143315879e+01
6.231274296633596066e+01
6.278671061627952810e+01
6.328341099642148748e+01
6.401847016555493042e+01
6.420016186102462541e+01
6.497830119784256908e+01
6.557538536630927695e+01
6.629587765372150443e+01
6.655042823407042363e+01
6.701349165500893434e+01
6.738098783849551410e+01
6.801439203174749082e+01
6.853677985064042844e+01
6.905021593713088635e+01
6.976194060103627237e+01
7.029030661355920984e+01
7.069102566739657334e+01
7.120840730721455714e+01
7.185670873285123150e+01
7.220819923342187963e+01
7.294139054692296043e+01
7.316841269340550014e+01
7.324294547992552395e+01
7.376060896130621813e+01
7.420392764609917435e+01
7.496050930875880169e+01
7.538999227010283732e+01
7.593081366826109502e+01
7.649755530702555006e+01
7.649755530702555006e+01
7.686591926328470947e+01
7.725073601928298217e+01
7.785237509261561684e+01
7.839144771103595133e+01
7.845775234082809391e+01
7.899153302357049711e+01
7.930853574744095624e+01
8.019687158003900151e+01
8.063766146590296557e+01
8.101040145203998577e+01
8.137751708220378077e+01
8.195140625391347555e+01
8.214494440895738592e+01
8.214494440895738592e+01
8.275602813763740073e+01
8.333218291440398673e+01
8.404047096132950401e+01
8.429532046865470818e+01
8.493516907588323761e+01
8.514436463687074763e+01
8.548748073484776455e+01
8.593631152291560227e+01
8.648767612947747807e+01
8.716740448394898522e+01
8.765448230790993023e+01
8.793027707797915582e+01
8.858358593018876093e+01
8.900621809757828373e+01
8.942808273928258700e+01
8.975800590895471487e+01
9.019071043494894013e+01
9.035747571189065752e+01
9.091849127647037676e+01
9.137718791390474848e+01
9.199158132394083509e+01
9.232199622508875336e+01
9.279063060811374442e+01
9.330258437459518461e+01
9.349960639244460481e+01
9.420002998365980318e+01
9.463127048918175888e+01
9.552220132560132981e+01
9.597180480172922046e+01
9.671013335929909260e+01
9.706322060662162698e+01
9.749792348246887741e+01
9.784632012536995660e+01
9.836859700216710678e+01
9.899711026287694438e+01
9.977129640858939297e+01
1.000075952808633417e+02
1.005363771968323050e+02
1.012153537796676090e+02
1.013483550449284820e+02
1.017978866241029863e+02
1.019292942131915538e+02
1.019292942131915538e+02
1.024194387120300007e+02
1.028299509871026345e+02
1.035139285949003778e+02
1.038282036949458131e+02
1.043652307850380510e+02
1.048624724807945654e+02
1.051534127779327150e+02
1.056970107765023386e+02
1.060733816113291255e+02
1.067998003442758090e+02
1.072520335304643595e+02
1.076312876686858715e+02
1.078018663631021354e+02
1.082016058743847395e+02
1.085560319890071526e+02
1.090627819012777309e+02
1.094501450528926654e+02
1.098996771458007089e+02
1.102549083554591931e+02
1.103287488977057507e+02
1.108303593471271000e+02
1.108303593471271000e+02
1.112301579359676538e+02
1.116753948230990261e+02
1.121944021871815664e+02
1.121944021871815664e+02
1.123373221157337980e+02
1.127618622259549710e+02
1.129910505833508410e+02
1.132374677714427804e+02
1.133080262469543698e+02
1.134878487144646613e+02
1.138431678134716236e+02
1.141776871915610201e+02
1.146097269527297016e+02
1.149480949956029576e+02
1.155354603437303069e+02
1.157675810326030899e+02
1.163515467129692951e+02
1.167257475638219688e+02
1.171254085816151047e+02
1.175910550106920738e+02
1.176711502908204352e+02
1.176962267713879839e+02
1.181550053715979942e+02
1.183481920342270541e+02
1.189412360657738503e+02
1.192924736709599784e+02
1.195982208251616044e+02
1.200083538400156300e+02
1.200083538400156300e+02
1.200446764150468368e+02
1.207201118663596731e+02
1.212002440588002941e+02
1.212455310591503945e+02
1.217882007925689294e+02
1.221403764932896223e+02
1.224310748057959728e+02
1.225508383197683742e+02
1.230632835434715275e+02
1.230632835434715275e+02
1.233933236679400522e+02
1.236853545266053374e+02
1.238454728894139407e+02
1.244607432674911962e+02
1.248198245490956566e+02
1.253145057603084496e+02
1.253145057603084496e+02
1.257209160163918114e+02
1.257232118315662035e+02
1.261680837296456303e+02
1.268626447114864249e+02
1.269732044405089937e+02
1.274129664397335233e+02
1.274792158142949319e+02
1.280500498510960767e+02
1.283710783991247126e+02
1.286949071560297568e+02
1.287139637366200020e+02
1.290610555130715795e+02
1.295825743341571865e+02
1.297856546895346810e+02
1.302556577252967145e+02
1.307610625371402762e+02
1.307610625371402762e+02
1.310416119726653221e+02
1.314694827028759505e+02
1.318968055853553949e+02
1.320643621335798912e+02
1.321637912807876489e+02
1.322874905735706079e+02
1.327324647635406052e+02
1.333551839713758227e+02
1.340106037885647083e+02
1.344602582197243805e+02
1.348179582554773503e+02
1.350205982577248278e+02
1.354118702984936817e+02
1.355930759721634047e+02
1.360154042205702751e+02
1.360154042205702751e+02
1.360154042205702751e+02
1.360154042205702751e+02
1.360154042205702751e+02
1.361594137608731216e+02
1.361594137608731216e+02
1.369152076165547385e+02
1.373133257567599799e+02
1.376716098545880698e+02
1.378649442527971871e+02
1.378649442527971871e+02
1.381530967513915300e+02
1.383645905309687407e+02
1.389565099508593562e+02
1.390882212684886099e+02
1.393912726309748962e+02
1.401695239141184572e+02
1.405627385113243122e+02
1.409270555638477447e+02
1.411264285119436295e+02
1.414550782275910876e+02
1.416378243868703919e+02
1.420724430300065819e+02
1.420724430300065819e+02
1.423155229609400010e+02
1.423155229609400010e+02
1.424255833180389459e+02
1.425528226652143076e+02
1.428483071931496795e+02
1.431193392674258291e+02
1.433317015152404394e+02
1.433723832744663582e+02
1.434291676907896544e+02
1.434291676907896544e+02
1.437776865292586308e+02
1.445623511810397872e+02
1.448974666917405045e+02
1.450731307000555432e+02
1.454223333118241044e+02
1.454223333118241044e+02
1.460667356696208401e+02
1.466860928181746146e+02
1.472166035717314969e+02
1.480299394691005261e+02
1.480510337321959753e+02
1.481327538176103360e+02
1.484857178849767649e+02
1.488533616955220111e+02
1.491944564116987237e+02
1.491944564116987237e+02
1.495815905287988414e+02
1.503892185602851157e+02
1.510117688624118273e+02
1.510117688624118273e+02
1.517935041787669945e+02
1.522902983705648126e+02
1.525569563376820099e+02
1.528947856894828305e+02
1.531620083746854561e+02
1.536385916183128870e+02
1.540107897822853715e+02
1.541642414690842884e+02
1.543522268375477893e+02
1.544175914813128543e+02
1.546869022830529161e+02
1.549194719580437720e+02
1.554261886458107256e+02
1.558885463616626055e+02
1.562359207390335882e+02
1.566885086954059716e+02
1.570185702947552500e+02
1.570463006356658582e+02
1.573075653641626843e+02
1.579031701950373758e+02
1.582933058355341700e+02
1.585537593214433798e+02
1.589636554175513083e+02
1.593010585179783902e+02
1.597425607174831441e+02
1.606201389062410385e+02
1.610776782111859404e+02
1.615204018978585623e+02
1.616680571980289187e+02
1.620741573523561669e+02
1.620741573523561669e+02
1.620741573523561669e+02
1.620741573523561669e+02
1.624009414391186965e+02
1.628551436608408096e+02
1.631260127236830897e+02
1.632311398082688925e+02
1.634502763653609634e+02
1.642480320895986097e+02
1.643686942692729644e+02
1.646843088403910826e+02
1.650542779200015957e+02
1.650542779200015957e+02
1.658828124492493430e+02
1.658828124492493430e+02
1.664302056784167405e+02
1.667692566109638221e+02
1.668792376316684454e+02
1.674002170516333763e+02
1.674644980742591258e+02
1.675600248552306368e+02
1.680766012456452358e+02
1.684114001298530638e+02
1.687690675054656708e+02
1.687690675054656708e+02
1.691514701102582308e+02
1.694054233091639787e+02
1.694054233091639787e+02
1.694084554925539692e+02
1.700483028368949761e+02
1.700483028368949761e+02
1.701651290148379587e+02
1.706350090772346277e+02
1.709372733601020400e+02
1.714980370624787724e+02
1.716227095951520880e+02
1.721865275677213560e+02
1.727714546694016633e+02
1.728168304558653006e+02
1.732340926478596543e+02
1.733220547247874777e+02
1.738472115126165534e+02
1.738472115126165534e+02
1.742243382171730559e+02
1.746155351814293226e+02
1.753654254742843079e+02
1.754074462160758969e+02
1.760179083893845871e+02
1.763996466443575741e+02
1.763996466443575741e+02
1.766836261400994772e+02
1.766836261400994772e+02
1.771816347622253716e+02
1.774587734004358595e+02
1.777403220030228113e+02
1.783045772510827192e+02
1.785622306087133211e+02
1.789414347218815635e+02
1.791548955980068172e+02
1.796265634794881976e+02
1.796265634794881976e+02
1.802937288626883401e+02
1.811735965947100624e+02
1.812384109080131509e+02
1.815192456985226102e+02
1.818261747236020085e+02
1.825934300437421030e+02
1.831337591229633688e+02
1.831427296506301161e+02
1.831427296506301161e+02
1.831427296506301161e+02
1.831606207570427785e+02
1.836167385984765872e+02
1.840941466963302844e+02
1.843085091161829894e+02
1.849611096666496337e+02
1.854197633226281710e+02
1.858141756103650835e+02
1.866638561575805113e+02
1.871530712660560027e+02
1.872788440652142583e+02
1.879619047618589889e+02
1.879619047618589889e+02
1.884171953631552867e+02
1.887864452341410697e+02
1.889326760014947979e+02
1.892692258581584781e+02
1.897533268061115166e+02
1.898227991237301069e+02
1.898227991237301069e+02
1.898227991237301069e+02
1.901799221176856918e+02
1.905767993243277942e+02
1.907762575747388212e+02
1.909999527815315901e+02
1.912016291838433517e+02
1.914212865261552565e+02
1.915510153848323966e+02
1.919942401315850589e+02
1.924267717525377748e+02
1.930026878366472829e+02
1.930913296965639745e+02
1.931400324320856043e+02
1.933032163473598928e+02
1.933032163473598928e+02
1.935527549092047650e+02
1.938373667658788122e+02
1.938373667658788122e+02
1.941046007516269469e+02
1.944928252953977790e+02
1.949827201705822119e+02
1.953236708435033790e+02
1.954961547926364744e+02
1.957295761944120613e+02
1.961011954983604539e+02
1.963521237861962732e+02
1.966130002869036844e+02
1.969886712316971682e+02
1.974180255886721795e+02
1.979528180952220850e+02
1.984363740089048918e+02
1.990655829063453837e+02
1.990655829063453837e+02
1.993840543693535778e+02
1.994654920471886044e+02
1.999388087040698565e+02
2.004574910987656153e+02
2.009848274125645560e+02
2.011541710775108243e+02
2.016608351941534920e+02
2.022008315647276504e+02
2.027001700772242145e+02
2.031564804637150132e+02
2.032419627126317323e+02
2.035978699105352234e+02
2.040129922965186609e+02
2.041089422265519602e+02
2.049624503056341496e+02
2.054923106505634394e+02
2.058900569955360140e+02
2.062600262907012336e+02
2.067305200663728044e+02
2.071843790060899835e+02
2.072640329682429581e+02
2.074360074701360190e+02
2.077162288616418095e+02
2.079405518496591299e+02
2.083385005457983254e+02
2.088490288696266077e+02
2.089718887349650061e+02
2.090704619702279103e+02
2.093765397377437694e+02
2.096098469073166655e+02
2.100488110974519884e+02
2.103384883431023695e+02
2.108567074714883915e+02
2.113482313489332114e+02
2.121808192076630348e+02
2.126690292111041742e+02
2.131940570692980828e+02
2.131940570692980828e+02
2.134711204281664720e+02
2.137399529280306467e+02
2.140027774197603208e+02
2.140588895574487935e+02
2.140588895574487935e+02
2.140588895574487935e+02
2.144497051737979234e+02
2.145016810254092547e+02
2.148962643537870463e+02
2.148962643537870463e+02
2.152901331007680596e+02
2.156757759014297449e+02
2.159149017516740514e+02
2.165196735066754172e+02
2.168276083077339536e+02
2.171940838246447072e+02
2.176515280006448734e+02
2.178068033132500716e+02
2.181268028629495461e+02
2.183518356136100067e+02
2.191471632948160391e+02
2.194993615616997147e+02
2.199424783098715181e+02
2.199986710886657022e+02
2.204245186139179964e+02
2.205199852471317854e+02
2.209385144778968026e+02
2.211063340481028092e+02
2.211524302135352968e+02
2.213286702711291980e+02
2.218531548509571110e+02
2.218531548509571110e+02
2.221803587146465304e+02
2.226597287682415924e+02
2.227894037392343023e+02
2.230173766830701254e+02
2.232015392131737883e+02
2.237731623702987633e+02
2.242833508962744702e+02
2.244981489423316816e+02
2.249954660487669571e+02
2.255878479372829020e+02
2.261810500307691996e+02
2.265671845212281710e+02
2.269243044186428619e+02
2.271286667355082329e+02
2.271403812580348642e+02
2.276021440444585267e+02
2.279123897192507400e+02
2.283388395908187363e+02
2.288556887236304647e+02
2.290695169988604221e+02
2.295894690958383535e+02
2.299101239715214149e+02
2.300789362148372561e+02
2.306333272375429715e+02
2.313226352578826948e+02
2.313874948303692634e+02
2.317615395604384219e+02
2.320032313314967212e+02
2.322404065031845732e+02
2.325243535962482611e+02
2.325243535962482611e+02
2.331290456584307265e+02
2.334623731772911412e+02
2.335537088412624200e+02
2.340118550470628520e+02
2.343135101338904178e+02
2.347224301038273211e+02
2.347224301038273211e+02
2.350211454838778877e+02
2.352023397001303806e+02
2.352023397001303806e+02
2.354203256721101809e+02
2.359334373795875877e+02
2.361946911598011241e+02
2.365623844686939776e+02
2.366625152624231987e+02
2.369106375824818826e+02
2.369106375824818826e+02
2.370622671021090184e+02
2.372841673114854188e+02
2.375957857636131507e+02
2.380888245383000594e+02
2.385598523797274311e+02
2.391159712020989332e+02
2.391159712020989332e+02
2.398819785780915765e+02
2.398998962769248351e+02
2.403196452142812802e+02
2.403196452142812802e+02
2.408581713432441518e+02
2.409947896960073876e+02
2.412245157747550195e+02
2.415290156746409593e+02
2.419931235077341114e+02
2.421583697598236427e+02
2.422744698560451866e+02
2.425267259429147373e+02
2.427303049032088609e+02
2.434091959544491033e+02
2.435441674718860838e+02
2.442495404763899103e+02
2.445081709109873032e+02
2.446304784081999628e+02
2.452064256829155511e+02
2.455582547065978929e+02
2.460710736940652907e+02
2.460710736940652907e+02
2.469580690972241825e+02
2.472219077980482780e+02
2.474958136746049888e+02
2.476905180814029848e+02
2.478551563668807205e+02
2.481441629813535599e+02
2.484672331590759597e+02
2.490533337638463536e+02
2.493603137793007534e+02
2.493603137793007534e+02
2.495826635448775050e+02
2.495826635448775050e+02
2.497560426510798095e+02
2.499229135239576465e+02
2.499723554295678980e+02
2.503685645393959476e+02
2.511730157474847545e+02
2.512884170332087024e+02
2.520654309010231202e+02
2.524056932990845894e+02
2.524272471993020019e+02
2.526336916823646277e+02
2.529150731643922825e+02
2.537416165385663192e+02
2.537416165385663192e+02
2.540276350258397997e+02
2.544615891949732145e+02
2.548507683050815729e+02
2.550699347576072853e+02
2.554175842809128767e+02
2.557788388619045179e+02
2.558174930547968415e+02
2.560833520493824267e+02
2.564029802315500319e+02
2.564029802315500319e+02
2.567709760247770419e+02
2.573120598535368799e+02
2.575052600785108439e+02
2.580775476093457428e+02
2.581375753648288196e+02
2.585756114341142506e+02
2.591961205651011255e+02
2.597161637295610035e+02
2.598882569004755396e+02
2.605791943257170260e+02
2.613814858218191262e+02
2.616623118462450748e+02
2.620658068414665536e+02
2.622304227993838026e+02
2.627456635071897040e+02
2.631901550218676675e+02
2.637495965107648317e+02
2.647987222666873777e+02
2.652987869395606140e+02
2.657476187455101240e+02
2.661633107610857678e+02
2.668100555013938902e+02
2.671387707465166272e+02
2.676924938178726734e+02
2.677400979734079556e+02
2.679574072653927033e+02
2.682377901385107748e+02
2.687170755464243825e+02
2.691622469884275120e+02
2.695472647011883964e+02
2.699687337463096810e+02
2.701798477225809734e+02
2.708411415709176708e+02
2.715946066467030278e+02
2.718025538253682498e+02
2.723780720780677029e+02
2.729632359148044429e+02
2.732610512615182756e+02
2.735659228438786386e+02
2.741102841143565456e+02
2.744094462839391326e+02
2.746603633659208299e+02
2.749747975643633140e+02
2.754959397075535321e+02
2.758605519233268524e+02
2.759989883161170496e+02
2.764031725623141824e+02
2.766842895468976735e+02
2.768906319441738901e+02
2.773128357106738235e+02
2.779477005822862452e+02
2.782520216041579602e+02
2.786003062940903874e+02
2.788846209312940800e+02
2.792616240682018542e+02
2.801024501492357217e+02
2.801024501492357217e+02
2.805671985862861106e+02
2.808235427174205370e+02
2.813323023957964324e+02
2.813323023957964324e+02
2.813323023957964324e+02
2.816912134684857847e+02
2.819438860944030125e+02
2.822714991814781911e+02
2.827787194042408032e+02
2.830802083655939896e+02
2.840250041271968939e+02
2.842638103406636105e+02
2.848351205571029254e+02
2.851083055186849151e+02
2.853759712226976148e+02
2.855622249502006866e+02
2.862579772481885811e+02
2.863221468226578281e+02
2.863491462900832971e+02
2.869468340149620644e+02
2.871877794408682121e+02
2.880200292661903063e+02
2.885032540131870746e+02
2.885911198134339202e+02
2.889958864323447756e+02
2.892827069342817481e+02
2.900544599074397638e+02
2.904489363773761852e+02
2.906913150671506401e+02
2.910746904490416682e+02
2.912964994857788952e+02
2.917988979716758422e+02
2.923464364581648738e+02
2.925451700356071569e+02
2.927530775213227798e+02
2.930402078624672413e+02
2.932951580946152035e+02
2.932951580946152035e+02
2.937940837255359270e+02
2.944552292641678832e+02
2.945913222297244261e+02
2.951303785081138358e+02
2.955438462647556435e+02
2.957152907186174389e+02
2.960997161654051411e+02
2.961041362446281369e+02
2.966754777481278325e+02
2.973213461383849108e+02
2.978415685742220376e+02
2.981535216280110490e+02
2.985380753252130717e+02
2.986788794858804863e+02
2.991064597616660876e+02
2.991769380541933856e+02
3.002239039941860028e+02
3.006914591626543256e+02
3.009962789412642792e+02
3.016323811744870227e+02
3.024339366657943629e+02
3.027770149883353383e+02
3.032990744652602189e+02
3.034893688015978341e+02
3.034893688015978341e+02
3.039278105458139407e+02
3.043144903008127926e+02
3.044653570228582566e+02
3.051783984497227493e+02
3.054269806945183063e+02
3.058227338765391892e+02
3.061493509010128378e+02
3.062429515906625852e+02
3.066066640795927469e+02
3.070464342680249956e+02
3.073295142359947363e+02
3.075052122076333490e+02
3.081252180579897413e+02
3.085696013150235331e+02
3.090052772077539203e+02
3.092936579355826439e+02
3.097445393919172147e+02
3.101452398518703149e+02
3.104418636635416533e+02
3.112519486507800934e+02
3.112652035637551649e+02
3.116541701155212536e+02
3.120798399613022980e+02
3.126275361449826278e+02
3.126942395723597770e+02
3.129057617045415896e+02
3.136488714636208783e+02
3.140291001321016324e+02
3.145009980607714510e+02
3.149079810863522084e+02
3.152202634184012595e+02
3.157215043853207135e+02
3.162698499486531318e+02
3.167328167408113586e+02
3.169769304903991838e+02
3.171828152245404908e+02
3.177103331091301470e+02
3.181170801849096392e+02
3.186656880943183978e+02
3.190472291265738249e+02
3.194592994611596168e+02
3.200200898286764186e+02
3.204472562785476839e+02
3.205371772711172866e+02
3.206119165560714350e+02
3.211797481655475508e+02
3.217355490944424332e+02
3.221020694251160421e+02
3.224647566016298583e+02
3.228568065832620846e+02
3.233429353508873874e+02
3.235301690785063329e+02
3.241009012867244792e+02
3.247142973303135705e+02
3.251380141232272649e+02
3.256373177771428118e+02
3.260601526514120110e+02
3.265138002554173227e+02
3.268213978714750283e+02
3.268996026106109980e+02
3.273903720949704734e+02
3.280482088666924483e+02
3.284941470379931161e+02
3.289824214422097270e+02
3.293160931984880335e+02
3.299153059875863505e+02
3.304749469014846568e+02
3.311463125765519635e+02
3.313381250424349673e+02
3.316334378626833086e+02
3.319926343087444138e+02
3.327153094606701984e+02
3.333628313116582831e+02
3.335234566446173403e+02
3.340714812081298533e+02
3.344682222229512263e+02
3.349589894223802844e+02
3.350874749296986010e+02
3.351033263725740312e+02
3.356989077476849275e+02
3.359603166159948273e+02
3.364105927295103129e+02
3.371363775525865663e+02
3.376027722525205377e+02
3.381030787992058890e+02
3.387437094385186924e+02
3.387729960383199455e+02
3.391166966004125243e+02
3.391166966004125243e+02
3.391353346109525546e+02
3.391353346109525546e+02
3.395223225675665617e+02
3.400162525906351334e+02
3.404196410341006640e+02
3.407503297134862805e+02
3.408220687656162227e+02
3.412494307713750459e+02
3.419067858694185134e+02
3.423191152163515198e+02
3.426351035631179229e+02
3.430898967682575176e+02
3.437812956120532135e+02
3.439763002200293158e+02
3.440109244540498707e+02
3.440597717148194761e+02
3.442519108991752432e+02
3.446703370242349251e+02
3.451169689126484172e+02
3.454397443851263461e+02
3.458213454493192103e+02
3.459978756565386675e+02
3.463407895577383897e+02
3.468556202402707527e+02
3.473173507197092249e+02
3.477331949259767612e+02
3.477331949259767612e+02
3.482064281340237812e+02
3.483600690047359763e+02
3.485692365268719186e+02
3.492696511305642844e+02
3.492696511305642844e+02
3.495921780528551608e+02
3.501876387146767797e+02
3.501876387146767797e+02
3.505513229021774464e+02
3.510223949398307468e+02
3.513669649071720755e+02
3.518630986054035361e+02
3.524806162584970934e+02
3.524806162584970934e+02
3.528364309425523402e+02
3.532484936305637007e+02
3.536046521505897431e+02
3.537973629564653493e+02
3.544820124189859030e+02
3.547846926563994430e+02
3.550899090696040616e+02
3.555418741326151917e+02
3.561907200055209159e+02
3.565364750243110166e+02
3.572061461717473776e+02
3.573003230118017086e+02
3.574423369637855785e+02
3.575412790732251551e+02
3.578953433303673251e+02
3.586322349613042206e+02
3.587115023502382201e+02
3.593170287084453776e+02
3.599121246585075369e+02
3.599124724392291341e+02
3.605318440520620697e+02
3.610824292123384112e+02
3.613133563734587028e+02
3.616707154233549204e+02
3.625227696162615416e+02
3.632280374537983789e+02
3.637714142174682479e+02
3.642870087248542177e+02
3.645837387414712225e+02
3.648566994101690852e+02
3.650966137606094435e+02
3.653389955411324195e+02
3.658936334235057757e+02
3.662564036399672318e+02
3.663476599810007315e+02
3.666225109059544138e+02
3.666225109059544138e+02
3.670430218171982233e+02
3.674719806487796632e+02
3.679589383137349046e+02
3.682794019211390264e+02
3.688851201190410052e+02
3.690096519008863538e+02
3.694140546588317306e+02
3.694140546588317306e+02
3.698172744347407388e+02
3.702937331399067489e+02
3.702937331399067489e+02
3.706414636070358597e+02
3.712065901626685900e+02
3.716244928550713666e+02
3.720684846582556702e+02
3.722117848255983859e+02
3.723168496240980403e+02
3.723691986346574367e+02
3.728525465022200365e+02
3.730345827254849951e+02
