4.404151517599095289e-01
8.962340109326235593e-01
1.099215265861605673e+00
1.642851587825264970e+00
1.642851587825264970e+00
1.975960915757732472e+00
2.102473775488563845e+00
2.243625374176835496e+00
2.247717438143225888e+00
2.623560500880104840e+00
3.298466222942197046e+00
4.161447948301066901e+00
4.513143605031062933e+00
4.713202569103193795e+00
5.084014302571533861e+00
5.317332541435339621e+00
5.791726830225768730e+00
6.441233983465833646e+00
6.652707188624938262e+00
6.990853707686395246e+00
7.573493917531097352e+00
8.006889033040907933e+00
8.537084530785673309e+00
9.057562854690139886e+00
9.364427898788248328e+00
9.783240127084546600e+00
1.007181510760481835e+01
1.051197006148027491e+01
1.085277343948514250e+01
1.109189344293630874e+01
1.140576878781188697e+01
1.157138647141375820e+01
1.238826159303684449e+01
1.264597012497854145e+01
1.306026790190225739e+01
1.341539641885591649e+01
1.358572237984802555e+01
1.417247722042406544e+01
1.448690233156460572e+01
1.500905239391139112e+01
1.554089420146916645e+01
1.604904240367109480e+01
1.629849955910041714e+01
1.668336734526551268e+01
1.704715851348033340e+01
1.761024426211011118e+01
1.761024426211011118e+01
1.815858209320066763e+01
1.853642379502993265e+01
1.924142787623900830e+01
1.996441349521854036e+01
2.047223836654947604e+01
2.093097242303782579e+01
2.133760699389637949e+01
2.201160471201560398e+01
2.228848947003250203e+01
2.265625766745726111e+01
2.332971660550494519e+01
2.384951570846303426e+01
2.403321009688713517e+01
2.447566232284748722e+01
2.501856643048936846e+01
2.554381892466437520e+01
2.581680634366420435e+01
2.618983115431604958e+01
2.636911170572164664e+01
2.672399773065627926e+01
2.702439039794339237e+01
2.732059851026546582e+01
2.769267545393470087e+01
2.808677036290533024e+01
2.810555065209146619e+01
2.817454710545834118e+01
2.853413678223284222e+01
2.877011014560079971e+01
2.890842238240096762e+01
2.919786922707562127e+01
2.968477344995139333e+01
2.969506453136461843e+01
3.000626025337239966e+01
3.038855812260695899e+01
3.094466798392989659e+01
3.094466798392989659e+01
3.147183339172981320e+01
3.198095940611440824e+01
3.231807541405287765e+01
3.264117204119842341e+01
3.298133798885724133e+01
3.329907099968883699e+01
3.361221895449907748e+01
3.398887352252162941e+01
3.424296940711695214e+01
3.434231801465019629e+01
3.450074980685549519e+01
3.522668156056491284e+01
3.548868775166185685e+01
3.569205971950763256e+01
3.609903952784775782e+01
3.660492730334271982e+01
3.700607145200272896e+01
3.749886380211940917e+01
3.784683017061189503e+01
3.784683017061189503e+01
3.852370460078068248e+01
3.893961337030314240e+01
3.939707909559699317e+01
3.981644360056264276e+01
4.035238922775617709e+01
4.056095225135568683e+01
4.056095225135568683e+01
4.088071242900583968e+01
4.088071242900583968e+01
4.131752581944444813e+01
4.156439689322014885e+01
4.158529660553831775e+01
4.182504695422679930e+01
4.200053395027106973e+01
4.223667417085325582e+01
4.237291912425696694e+01
4.276728871453251912e+01
4.300119294784216351e+01
4.350754320012305953e+01
4.360669947160855742e+01
4.388405820429544946e+01
4.416153866345758416e+01
4.421789391423943982e+01
4.453143287828462604e+01
4.453143287828462604e+01
4.482530751365533916e+01
4.515201482829118618e+01
4.530117192205794652e+01
4.612770119052117934e+01
4.621612899080045622e+01
4.621612899080045622e+01
4.665751580032109302e+01
4.702234871890905765e+01
4.738079289044389952e+01
4.782543214188095249e+01
4.833851174941069218e+01
4.843135595996639609e+01
4.878443521139297445e+01
4.901013683391524722e+01
4.936003994533503203e+01
4.973086113888932402e+01
5.013945777748622845e+01
5.057703751251313662e+01
5.114750641596538827e+01
5.159509506024151193e+01
5.203650696354046090e+01
5.203650696354046090e+01
5.203650696354046090e+01
5.203650696354046090e+01
5.215983737887251692e+01
5.268663925883347332e+01
5.300029668351390910e+01
5.316386749651476151e+01
5.343374842264199032e+01
5.398598700941840889e+01
5.429670063619818876e+01
5.444763820242221897e+01
5.459654928652985717e+01
5.518031858319734795e+01
5.518031858319734795e+01
5.525107492468369230e+01
5.582303804155830562e+01
5.612419947281136245e+01
5.652725694232151454e+01
5.671013573554163401e+01
5.671013573554163401e+01
5.693444271857548955e+01
5.711895387511820843e+01
5.759680026357585803e+01
5.774486291666902105e+01
5.801084527305760474e+01
5.806320225374201272e+01
5.836508913003815024e+01
5.870346584906631904e+01
5.902198548697086267e+01
5.920965722246679519e+01
5.979050738132432485e+01
6.075127157352719109e+01
6.076833225865828325e+01
6.101113269592441668e+01
6.114649915732120178e+01
6.171176409738830415e+01
6.197603924411316711e+01
6.238359243443525770e+01
6.284546429148049640e+01
6.317988083461707305e+01
6.333839944755591489e+01
6.375289254966840957e+01
6.375289254966840957e+01
6.410968151365509016e+01
6.457180320609332114e+01
6.457180320609332114e+01
6.483678382681151220e+01
6.523950632266064531e+01
6.523950632266064531e+01
6.523950632266064531e+01
6.573334989382834692e+01
6.591325893223070409e+01
6.607393959045734277e+01
6.607393959045734277e+01
6.637766278779427864e+01
6.667333377661553584e+01
6.667333377661553584e+01
6.667333377661553584e+01
6.667333377661553584e+01
6.679179723466238272e+01
6.696628862521485814e+01
6.745123492457713610e+01
6.785150161819811387e+01
6.797866461163171437e+01
6.834743777555617328e+01
6.887956771355628405e+01
6.899882700303462002e+01
6.901032955202704500e+01
6.901032955202704500e+01
6.942160132652982441e+01
6.982739088305504538e+01
7.012707610254990698e+01
7.049613697695585302e+01
7.050934087976649778e+01
7.084878232476856397e+01
7.127607129896892957e+01
7.127607129896892957e+01
7.159442799625352905e+01
7.170928901449265425e+01
7.175172826541138704e+01
7.215946653299411651e+01
7.215946653299411651e+01
7.262728838198650294e+01
7.303265602307064341e+01
7.348936791238146782e+01
7.382525793579834783e+01
7.382525793579834783e+01
7.407565800511005705e+01
7.449118695952201108e+01
7.450030573313651416e+01
7.469114886685960641e+01
7.469114886685960641e+01
7.500931609834941582e+01
7.522768058894432386e+01
7.542721768623727030e+01
7.542721768623727030e+01
7.543956784884460376e+01
7.562407705756271525e+01
7.609690336710353620e+01
7.609690336710353620e+01
7.662852620052923669e+01
7.721270385921958734e+01
7.777961232039956485e+01
7.831904314295118752e+01
7.873867056396784392e+01
7.879012653640801034e+01
7.882184750964520958e+01
7.901317987791605901e+01
7.944298384202862451e+01
7.997507325569759473e+01
8.016390748652409570e+01
8.016390748652409570e+01
8.025256919708452585e+01
8.058267412662340234e+01
8.091671397544538991e+01
8.100686585204847745e+01
8.100686585204847745e+01
8.103735951541546001e+01
8.142688985869733642e+01
8.142688985869733642e+01
8.165264591989978271e+01
8.175580683822865069e+01
8.180400342643865486e+01
8.212393874547964856e+01
8.220517922038932568e+01
8.226275550457668828e+01
8.244017567008575043e+01
8.244017567008575043e+01
8.252322989313864809e+01
8.285169098923651632e+01
8.285169098923651632e+01
8.301982255153527035e+01
8.301982255153527035e+01
8.324655621829853658e+01
8.364604915439444710e+01
8.384065359073905199e+01
8.391320678275968703e+01
8.429290559649692227e+01
8.450400615683133765e+01
8.459586994189503173e+01
8.459586994189503173e+01
8.480285244015406931e+01
8.500364921577241262e+01
8.501030012014415149e+01
8.533595082183677505e+01
8.542882480743280382e+01
8.562906584341941141e+01
8.597068587916311344e+01
8.600161028369201688e+01
8.614985746829661650e+01
8.614985746829661650e+01
8.641067910902256699e+01
8.668222395785102208e+01
8.686427043688679817e+01
8.702381670320693274e+01
8.723102611386394756e+01
8.725632481482961111e+01
8.774381136884559851e+01
8.824620970514955332e+01
8.852197199939968186e+01
8.891827987005366651e+01
8.913918029570352530e+01
8.915316954008677897e+01
8.930952878917545945e+01
8.930952878917545945e+01
8.970917213420315761e+01
8.989081984300769079e+01
9.007352455352548759e+01
9.038877436504891705e+01
9.047576215193286941e+01
9.059838758279263971e+01
9.059838758279263971e+01
9.059838758279263971e+01
9.106312785647655517e+01
9.123490055331828330e+01
9.159337931356897400e+01
9.206011410511027293e+01
9.238421817297037819e+01
9.270624007215531037e+01
9.313616699023783951e+01
9.356056512182043150e+01
9.356056512182043150e+01
9.366314032963416025e+01
9.400128191990343396e+01
9.443381253613281956e+01
9.495524091542334588e+01
9.511232491260763311e+01
9.536684759180492676e+01
9.582020482799757133e+01
9.594429741462937500e+01
9.622409933635368873e+01
9.696641335457618993e+01
9.749918239918105201e+01
9.767894930288237276e+01
9.801303301818533953e+01
9.827782879586845866e+01
9.837538383863345359e+01
9.851477026476489129e+01
9.879441877819716922e+01
9.902443221214102209e+01
9.913089920780480213e+01
9.913089920780480213e+01
9.913089920780480213e+01
9.963199730200182103e+01
9.983266365847748602e+01
9.983266365847748602e+01
9.983266365847748602e+01
9.985987338655270662e+01
1.002146715026052419e+02
1.005173094818489545e+02
1.009577635105983546e+02
1.011517067781876165e+02
1.013674047676803980e+02
1.013674047676803980e+02
1.013674047676803980e+02
1.014588816714040433e+02
1.017186598533241977e+02
1.019878429716658133e+02
1.019878429716658133e+02
1.023041837071025952e+02
1.027108402294841341e+02
1.027573938824535560e+02
1.031463162188533431e+02
1.031463162188533431e+02
1.032695663267366371e+02
1.036171408293663205e+02
1.038442799001686865e+02
1.038442799001686865e+02
1.040333993024050301e+02
1.045029911576710333e+02
1.045029911576710333e+02
1.045029911576710333e+02
1.045233565283482591e+02
1.048610661972274158e+02
1.052877595288542523e+02
1.056775339465545329e+02
1.061134775672350656e+02
1.063640071223622243e+02
1.063640071223622243e+02
1.065381076928883601e+02
1.065381076928883601e+02
1.065544609818315251e+02
1.065544609818315251e+02
1.068981941779985192e+02
1.072814893355662491e+02
1.073672895945619246e+02
1.077713347189431090e+02
1.077714310313075146e+02
1.078817436867533814e+02
1.080115945780955968e+02
1.082681628522643678e+02
1.082767205249489280e+02
1.085391279363075228e+02
1.086867032838873257e+02
1.089217189780372621e+02
1.089217189780372621e+02
1.091938157887151561e+02
1.091938157887151561e+02
1.093866770507587347e+02
1.093866770507587347e+02
1.095810325711510274e+02
1.100299382511561817e+02
1.100299382511561817e+02
1.100299382511561817e+02
1.101250567355445185e+02
1.103079837684083628e+02
1.107518459396012389e+02
1.108772791422224913e+02
1.111540070650799237e+02
1.112068408189770707e+02
1.113814007144709990e+02
1.115360565898522651e+02
1.115360565898522651e+02
1.116460584870454653e+02
1.116460584870454653e+02
1.116460584870454653e+02
1.118277574447519243e+02
1.118763039193292457e+02
1.120098938488190470e+02
1.120098938488190470e+02
1.120098938488190470e+02
1.120421578593526704e+02
1.121378666938172728e+02
1.123550313461563377e+02
1.123550313461563377e+02
1.124502073859212032e+02
1.126349550659683985e+02
1.129741959742743376e+02
1.132654475634542308e+02
1.133868419539679451e+02
1.135606503935883751e+02
1.135606503935883751e+02
1.135606503935883751e+02
1.138069937173851685e+02
1.138069937173851685e+02
1.138069937173851685e+02
1.140141576436182191e+02
1.142767622209340175e+02
1.143932228763385694e+02
1.147108669765176927e+02
1.149693542310411090e+02
1.152329061644554287e+02
1.154749035902307668e+02
1.154749035902307668e+02
1.154749035902307668e+02
1.155102708317404989e+02
1.155102708317404989e+02
1.156627575250155502e+02
1.158826634343300697e+02
1.158826634343300697e+02
1.159214495871072188e+02
1.161250919311009540e+02
1.161907703617773393e+02
1.163349100291582943e+02
1.163349100291582943e+02
1.166214293391240062e+02
1.167667861188073601e+02
1.167667861188073601e+02
1.168653924826364516e+02
1.168653924826364516e+02
1.168653924826364516e+02
1.175039284715814034e+02
1.177178973353781117e+02
1.179451826453245644e+02
1.180075611939129061e+02
1.180075611939129061e+02
1.180075611939129061e+02
1.180525811841601893e+02
1.180525811841601893e+02
1.180525811841601893e+02
1.182235745396518496e+02
1.182971744448656182e+02
1.186577187095163737e+02
1.189383338460783648e+02
1.189882984322965456e+02
1.189882984322965456e+02
1.189882984322965456e+02
1.189890666035327911e+02
1.193147723086430005e+02
1.194400201032043185e+02
1.197693489119882599e+02
1.197693489119882599e+02
1.198775006836955725e+02
1.200534480751421285e+02
1.202314267110857884e+02
1.202314267110857884e+02
1.202314267110857884e+02
1.202764863144668510e+02
1.202764863144668510e+02
1.202764863144668510e+02
1.204904310020323521e+02
1.205966359896629996e+02
1.205966359896629996e+02
1.209605216175633728e+02
1.210720155394462978e+02
1.212065010499132995e+02
1.213208102089495952e+02
1.213407864764854480e+02
1.213407864764854480e+02
1.213407864764854480e+02
1.213407864764854480e+02
1.213407864764854480e+02
1.217516434932709757e+02
1.217516434932709757e+02
1.219505544673720436e+02
1.219505544673720436e+02
1.221928293171912543e+02
1.223333281455478954e+02
1.223463761656752240e+02
1.223463761656752240e+02
1.224655358606196387e+02
1.226226552672050616e+02
1.226226552672050616e+02
1.227454603605564074e+02
1.229336976134295440e+02
1.230337997714058957e+02
1.230337997714058957e+02
1.234710380236775080e+02
1.234710380236775080e+02
1.234710380236775080e+02
1.236745952504560933e+02
1.236745952504560933e+02
1.238311246241967183e+02
1.238311246241967183e+02
1.238867116037049101e+02
1.238867116037049101e+02
1.238867116037049101e+02
1.238867116037049101e+02
1.241387947969113270e+02
1.241412584289276992e+02
1.243446845508997995e+02
1.243446845508997995e+02
1.245689121833132162e+02
1.245866997812685497e+02
1.249564944250848413e+02
1.252405929925055545e+02
1.255337928928203866e+02
1.258581197617854315e+02
1.260216862699347189e+02
1.260216862699347189e+02
1.262403398389131581e+02
1.262403398389131581e+02
1.267563662941957716e+02
1.267563662941957716e+02
1.267563662941957716e+02
1.268246872842170063e+02
1.270461956416017131e+02
1.270461956416017131e+02
1.274006366163101802e+02
1.276688210635102365e+02
1.280801592609232955e+02
1.281932213415788624e+02
1.281932213415788624e+02
1.283111104592361755e+02
1.284689049649021229e+02
1.285085582880516881e+02
1.285085582880516881e+02
1.286385155937317677e+02
1.287718840661742092e+02
1.287718840661742092e+02
1.287718840661742092e+02
1.287718840661742092e+02
1.287718840661742092e+02
1.289822948446509088e+02
1.289822948446509088e+02
1.290731809064600100e+02
1.292849168544498752e+02
1.294884286156911060e+02
1.294884286156911060e+02
1.295426705019773692e+02
1.295426705019773692e+02
1.297419617344263258e+02
1.297821879698730640e+02
1.300174754545027156e+02
1.300359562820808605e+02
1.300359562820808605e+02
1.300359562820808605e+02
1.300359562820808605e+02
1.300359562820808605e+02
1.302529766378295051e+02
1.304678232414523507e+02
1.305273343436545304e+02
1.305273343436545304e+02
1.305802540294720586e+02
1.306681776858033004e+02
1.309179024139230592e+02
1.309179024139230592e+02
1.309179024139230592e+02
1.310090996692402712e+02
1.310474961535237242e+02
1.312194376115174350e+02
1.313006391700936888e+02
1.313006391700936888e+02
1.313586102012996548e+02
1.313586102012996548e+02
1.313586102012996548e+02
1.316638959202050501e+02
1.317248318539277250e+02
1.320460498919891279e+02
1.321305381704383990e+02
1.326376209094392777e+02
1.326591837248238903e+02
1.330479599930913821e+02
1.330479599930913821e+02
1.330479599930913821e+02
1.330479599930913821e+02
1.332431623731028765e+02
1.332431623731028765e+02
1.335873073151955737e+02
1.335873073151955737e+02
1.335873073151955737e+02
1.338946539053724791e+02
1.340604065392761299e+02
1.340604065392761299e+02
1.340604065392761299e+02
1.341395370735292829e+02
1.341395370735292829e+02
1.341395370735292829e+02
1.341395370735292829e+02
1.341395370735292829e+02
1.341395370735292829e+02
1.341771799159154739e+02
1.341771799159154739e+02
1.343204649226878757e+02
1.343710715129064113e+02
1.344665892848868509e+02
1.348031949464351271e+02
1.349040891476819581e+02
1.349040891476819581e+02
1.350012759710655530e+02
1.353395744812385999e+02
1.356177866370793197e+02
1.356652710638899748e+02
1.356652710638899748e+02
1.357236882929460933e+02
1.359562197551307179e+02
1.363045190471261208e+02
1.365201378325216126e+02
1.367622004369575848e+02
1.367622004369575848e+02
1.367622004369575848e+02
1.370467904206208232e+02
1.370467904206208232e+02
1.373680746235656329e+02
1.375161442890106400e+02
1.377300586796631592e+02
1.377429345542602448e+02
1.377429345542602448e+02
1.377429345542602448e+02
1.377429345542602448e+02
1.378318356047350903e+02
1.379022025747263456e+02
1.379704981502128192e+02
1.386870305849026295e+02
1.390989347784050381e+02
1.395305198612396396e+02
1.397203041445124825e+02
1.397203041445124825e+02
1.399939106933064465e+02
1.400910446443484432e+02
1.400910446443484432e+02
1.400910446443484432e+02
1.403538273599357353e+02
1.405008926268930054e+02
1.405008926268930054e+02
1.405008926268930054e+02
1.406262039023783643e+02
1.406731700731413923e+02
1.409023293276408992e+02
1.411091614957313425e+02
1.413499327112800472e+02
1.415981835240632449e+02
1.417811367095457626e+02
1.417811367095457626e+02
1.419573305665745124e+02
1.419880990179746902e+02
1.422725378494657491e+02
1.422725378494657491e+02
1.422725378494657491e+02
1.423516030130381296e+02
1.423516030130381296e+02
1.423516030130381296e+02
1.424428651737785003e+02
1.425416630002119405e+02
1.427257993947114585e+02
1.427384208338368978e+02
1.429135414971411819e+02
1.431658113691493668e+02
1.436653574810865166e+02
1.438163313791762619e+02
1.438163313791762619e+02
1.440339434832943084e+02
1.444755359152899530e+02
1.445470568025279192e+02
1.448934641564908361e+02
1.450593007677850608e+02
1.454531385617317483e+02
1.454531385617317483e+02
1.454531385617317483e+02
1.454531385617317483e+02
1.458099770434880611e+02
1.458099770434880611e+02
1.459375153412576083e+02
1.461286549991515926e+02
1.465266360995683783e+02
1.465266360995683783e+02
1.465266360995683783e+02
1.466733715086727727e+02
1.468195464707642941e+02
1.469591828901693020e+02
1.474262097330351651e+02
1.474395608778127666e+02
1.474932629602468239e+02
1.474932629602468239e+02
1.478621362759199656e+02
1.478621362759199656e+02
1.478621362759199656e+02
1.478621362759199656e+02
1.480246470746079694e+02
1.480285667802490934e+02
1.480285667802490934e+02
1.481045367172428087e+02
1.481045367172428087e+02
1.484295124000718999e+02
1.486412246238838293e+02
1.489237199448870967e+02
1.495554675795837341e+02
1.497414367682883665e+02
1.499070776822538562e+02
1.499070776822538562e+02
1.500894737115984867e+02
1.501411581357162390e+02
1.501411581357162390e+02
1.501411581357162390e+02
1.501411581357162390e+02
1.502840428557393295e+02
1.502840428557393295e+02
1.505310997714882717e+02
1.509066512914896236e+02
1.509066512914896236e+02
1.513549153129274885e+02
1.516626994197741567e+02
1.519292270402997360e+02
1.521472016379173340e+02
1.521472016379173340e+02
1.521472016379173340e+02
1.521927674134788901e+02
1.521927674134788901e+02
1.521927674134788901e+02
1.524208085962274311e+02
1.524208085962274311e+02
1.525839832343435774e+02
1.528042385951329152e+02
1.531139471738891302e+02
1.531811153544404931e+02
1.534908683031022179e+02
1.536435864570381682e+02
1.538745299311684107e+02
1.538745299311684107e+02
1.538745299311684107e+02
1.539042128911353018e+02
1.541715972656819247e+02
1.542073764612569846e+02
1.544115901103128294e+02
1.544640497194758098e+02
1.546667780338277964e+02
1.546667780338277964e+02
1.548421222605303456e+02
1.548421222605303456e+02
1.548421222605303456e+02
1.549557813333510694e+02
1.549557813333510694e+02
1.552894754349240714e+02
1.552894754349240714e+02
1.555027157400347164e+02
1.556415645370647098e+02
1.558708265105832709e+02
1.558708265105832709e+02
1.558905542165684039e+02
1.562520241228405666e+02
1.563348493685276139e+02
1.563771230461700270e+02
1.566124716622799724e+02
1.567341423131594240e+02
1.570022556618908141e+02
1.573682912188892260e+02
1.575818684136006311e+02
1.576224840364361910e+02
1.576224840364361910e+02
1.578075420117380361e+02
1.580207405466659338e+02
1.582382051992697711e+02
1.582520397337307543e+02
1.583541195826912258e+02
1.585612886683026659e+02
1.587614000458584940e+02
1.587614000458584940e+02
1.588745876857325072e+02
1.588745876857325072e+02
1.590343038915246723e+02
1.591620939599343956e+02
1.594673648160884056e+02
1.594673648160884056e+02
1.597166997908291535e+02
1.598061876396498917e+02
1.598914157414957344e+02
1.598914157414957344e+02
1.598914157414957344e+02
1.600055819860085649e+02
1.600055819860085649e+02
1.601286642796166859e+02
1.602708859524233560e+02
1.602708859524233560e+02
1.606833475623988363e+02
1.607178118480463240e+02
1.609074537262251852e+02
1.609074537262251852e+02
1.609474429153673611e+02
1.609991962730343857e+02
1.612050106373269500e+02
1.612527717906330054e+02
1.614029407960951801e+02
1.616230155413371676e+02
1.616339278985369958e+02
1.616367057927529629e+02
1.618134248212393516e+02
1.619446867011623681e+02
1.619874652627847809e+02
1.621673013985978287e+02
1.621673013985978287e+02
1.621673013985978287e+02
1.621673013985978287e+02
1.621773920850262414e+02
1.621773920850262414e+02
1.621773920850262414e+02
1.622713264801081436e+02
1.624665042276205327e+02
1.624665042276205327e+02
1.625313488021798776e+02
1.625313488021798776e+02
1.627329336993732340e+02
1.628453869150310709e+02
1.630043921742002340e+02
1.630043921742002340e+02
1.630096585355967420e+02
1.631780571575732495e+02
1.633281378553141678e+02
1.634715837933504474e+02
1.634715837933504474e+02
1.634715837933504474e+02
1.634715837933504474e+02
1.635216686414362357e+02
1.636013714673173638e+02
1.636065091187690825e+02
1.636065091187690825e+02
1.636065091187690825e+02
1.636065091187690825e+02
1.639911597271846802e+02
1.639968569828137106e+02
1.645506559646206881e+02
1.647910226505294986e+02
1.648481049455846801e+02
1.648481049455846801e+02
1.650933490180681531e+02
1.651142639995176751e+02
1.653037020002127520e+02
1.657945769868325954e+02
1.660042482218048860e+02
1.660042482218048860e+02
1.662759423466017381e+02
1.663433908554603988e+02
1.665977389974607377e+02
1.667166472267178108e+02
1.668161645635342438e+02
1.671077969497688116e+02
1.675121475388226315e+02
1.675121475388226315e+02
1.675597706872184176e+02
1.676081747708402077e+02
1.677786907003301167e+02
1.677786907003301167e+02
1.680615792432787998e+02
1.680615792432787998e+02
1.681080448777178447e+02
1.683650849044175857e+02
1.683650849044175857e+02
1.684389999633409332e+02
1.686877781132940868e+02
1.686877781132940868e+02
1.687256307507078361e+02
1.687256307507078361e+02
1.687809783219472308e+02
1.692901701753965540e+02
1.692901701753965540e+02
1.692901701753965540e+02
1.698003469364711009e+02
1.698003469364711009e+02
1.698431379784933597e+02
1.698431379784933597e+02
1.698967727861385697e+02
1.700363901861616682e+02
1.700777123970787841e+02
1.700777123970787841e+02
1.700777123970787841e+02
1.706214667242094833e+02
1.706214667242094833e+02
1.706214667242094833e+02
1.706214667242094833e+02
1.708195812993139100e+02
1.708195812993139100e+02
1.709269096519359152e+02
1.709269096519359152e+02
1.710908846024499042e+02
1.711633188616099801e+02
1.713867249062195697e+02
1.713867249062195697e+02
1.717660573956361816e+02
1.722656280954032297e+02
1.723282010842710577e+02
1.723282010842710577e+02
1.723437978283854761e+02
1.723437978283854761e+02
1.725970234516588278e+02
1.725970234516588278e+02
1.728391741651377913e+02
1.730703018805921545e+02
1.732425830118073407e+02
1.732425830118073407e+02
1.732425830118073407e+02
1.735352332611414852e+02
1.737022635539116493e+02
1.737193714540537712e+02
1.739934566839297077e+02
1.740562298830165560e+02
1.744752315102142575e+02
1.745518000638220144e+02
1.745518000638220144e+02
1.745518000638220144e+02
1.749898629864619295e+02
1.749898629864619295e+02
1.751491510354063621e+02
1.752159576597857438e+02
1.755842177523192902e+02
1.757946355110176171e+02
1.759672063129229684e+02
1.759672063129229684e+02
1.759950529134746375e+02
1.759950529134746375e+02
1.761969859721457965e+02
1.764925994872340311e+02
1.766078384981933880e+02
1.768535063557879710e+02
1.769325584608831150e+02
1.770565922647419370e+02
1.771810619775253883e+02
1.773410851457392710e+02
1.774414230092284015e+02
1.777653125957882310e+02
1.778780039675329192e+02
1.780315543033591723e+02
1.781973272157354984e+02
1.783475769156543720e+02
1.785595985882341665e+02
1.788404786818776131e+02
1.795149060015195630e+02
1.798020112760765130e+02
1.798115923364449031e+02
1.804198797479748180e+02
1.805108136948372533e+02
1.805108136948372533e+02
1.808022985617885183e+02
1.809349494642043510e+02
1.809349494642043510e+02
1.809349494642043510e+02
1.809482182805019477e+02
1.809482182805019477e+02
1.809482182805019477e+02
1.809482182805019477e+02
1.809681802312283310e+02
1.814928116691397122e+02
1.814928116691397122e+02
1.814928116691397122e+02
1.817783918699999219e+02
1.817783918699999219e+02
1.817783918699999219e+02
1.817783918699999219e+02
1.820944910069269724e+02
1.822087294151886567e+02
1.825670421949117781e+02
1.825670421949117781e+02
1.827973198121878795e+02
