1.688455511753981231e-01
4.758011183574540892e-01
7.163711248666132514e-01
1.193024945449763008e+00
1.707055732450827090e+00
1.912975957568952889e+00
2.444069161552804292e+00
2.876673111526919069e+00
3.258777260545912213e+00
3.771544248100111574e+00
4.438942547682092510e+00
4.990783771718620088e+00
6.071849784587286081e+00
6.734482477877586248e+00
7.215459013283488154e+00
7.894689243958461944e+00
8.613415277990149832e+00
9.387793813842092661e+00
9.889269119897221572e+00
1.056592894742551536e+01
1.128698400185220407e+01
1.153721057189477328e+01
1.194591573385928918e+01
1.231402578337938891e+01
1.263418315903343014e+01
1.313080872378211517e+01
1.367508080624109290e+01
1.411230437241980340e+01
1.460208107814738732e+01
1.543175652498240069e+01
1.604272986174533955e+01
1.613987553855625379e+01
1.705217313120927614e+01
1.767573157420672914e+01
1.803573081736368522e+01
1.830666289184096485e+01
1.844553368302327101e+01
1.921098025147862032e+01
1.972977076525710771e+01
1.998375879363831231e+01
2.015134907032499356e+01
2.044100477125027382e+01
2.099779414571920100e+01
2.142969913436849794e+01
2.179378866917095081e+01
2.209920638638458357e+01
2.261225707875629709e+01
2.317915045056940215e+01
2.342869825961644992e+01
2.399056796559429472e+01
2.432334768933263902e+01
2.482248096192487452e+01
2.519939112687951877e+01
2.561869022938929419e+01
2.632700920288590041e+01
2.733064446958753280e+01
2.771209519860783033e+01
2.845018369391368296e+01
2.893031327732437319e+01
2.909606559603448162e+01
3.005479568067265461e+01
3.034880628370997258e+01
3.049019210117408463e+01
3.087895371184691840e+01
3.096091290041567845e+01
3.156824835098902327e+01
3.171910063433498905e+01
3.209083167895244060e+01
3.259074330655533913e+01
3.266441116709291492e+01
3.296614309321805081e+01
3.339457384946926766e+01
3.420347160508304540e+01
3.445361165948279591e+01
3.479569222203171819e+01
3.526388286214715606e+01
3.570860208091487209e+01
3.596411955821862705e+01
3.634025486558993379e+01
3.676100758132530189e+01
3.697831255636238268e+01
3.704226343919575726e+01
3.752948824430151120e+01
3.756122024318823804e+01
3.756122024318823804e+01
3.756122024318823804e+01
3.791882013410759811e+01
3.825328590226262548e+01
3.843372098458118558e+01
3.861508495950839404e+01
3.923554468960274733e+01
3.988181551445759965e+01
4.010683917413209798e+01
4.048189857348703669e+01
4.048189857348703669e+01
4.083898261854972844e+01
4.115976825657808291e+01
4.159149681634747253e+01
4.202764953324817299e+01
4.234724540760732481e+01
4.289481819962122700e+01
4.303061578739953319e+01
4.372081375883038135e+01
4.394892552807365149e+01
4.414826432186312388e+01
4.448228874224301421e+01
4.464571280246556739e+01
4.502229100370036718e+01
4.571932110109703729e+01
4.607631308690141481e+01
4.638682188511106830e+01
4.699402820641332568e+01
4.770744977162424760e+01
4.842804971491604249e+01
4.885706550854994390e+01
4.889460319939236399e+01
4.955683029681658525e+01
5.005365910165501475e+01
5.039016693293179827e+01
5.039016693293179827e+01
5.053495308998945745e+01
5.078473144196203037e+01
5.108458042327441007e+01
5.147062781100278528e+01
5.152694806209296274e+01
5.191101407388416789e+01
5.195139046950352935e+01
5.195139046950352935e+01
5.195139046950352935e+01
5.213384062592260193e+01
5.229394624943874703e+01
5.249378912867809532e+01
5.273879894432668181e+01
5.273879894432668181e+01
5.295095122708126212e+01
5.325068587320851776e+01
5.355297850409861837e+01
5.401251373325548144e+01
5.422308604114809327e+01
5.432263042103375028e+01
5.482616006874653181e+01
5.482616006874653181e+01
5.502249222709239973e+01
5.513321392811826627e+01
5.552722646220355784e+01
5.552722646220355784e+01
5.602437780885551888e+01
5.626035398449603520e+01
5.642501495937987244e+01
5.657553567478974799e+01
5.694408797115819709e+01
5.735774768170742988e+01
5.775852502534043253e+01
5.812975855020801674e+01
5.861430545606129527e+01
5.886635050480843745e+01
5.925020586407644885e+01
5.925020586407644885e+01
5.945084640747730731e+01
5.966829008731299666e+01
6.019507712385907183e+01
6.050602766602585092e+01
6.070407693212655431e+01
6.111421396902557746e+01
6.135613723751278314e+01
6.193845815618998074e+01
6.256357312597318554e+01
6.277469618156585085e+01
6.288227678768300422e+01
6.311932807177673510e+01
6.353973561097050293e+01
6.376684508245418925e+01
6.376684508245418925e+01
6.389374700722530065e+01
6.417726045986007932e+01
6.446655321750935741e+01
6.469828950714195059e+01
6.519793583557941474e+01
6.612930599472583992e+01
6.612930599472583992e+01
6.641617873644882764e+01
6.720693444952995321e+01
6.727708800813526580e+01
6.766211094378445523e+01
6.801804205183971419e+01
6.829036566033698819e+01
6.858928782215419062e+01
6.930574652637014310e+01
6.960831452440912415e+01
6.992492207638593982e+01
7.016080676696340390e+01
7.058892087800265358e+01
7.113156938017414177e+01
7.166420607822766442e+01
7.206367582513769321e+01
7.222758136296233999e+01
7.264157299117434263e+01
7.286762768543295010e+01
7.302057121612587309e+01
7.340036147435164082e+01
7.363394947742263241e+01
7.395936868250390717e+01
7.425181581697772515e+01
7.425181581697772515e+01
7.500908977690632184e+01
7.525881980397815596e+01
7.533581971154562495e+01
7.547744338854678858e+01
7.579729649052084994e+01
7.579729649052084994e+01
7.644628654532618839e+01
7.691747810321012935e+01
7.722095972250632201e+01
7.771024018502116348e+01
7.815602360265059190e+01
7.852926131221656192e+01
7.878380669851831897e+01
7.901753838890964232e+01
7.949184370348031337e+01
7.956268895642369898e+01
7.977130821321659937e+01
8.037730116445312945e+01
8.084243590896691956e+01
8.104808482793019664e+01
8.155177144236789388e+01
8.176103949602027399e+01
8.194886033676183956e+01
8.240400719457629464e+01
8.241266149651114858e+01
8.286278659918620804e+01
8.306334668039758640e+01
8.323686098825645274e+01
8.371457767915268278e+01
8.453610449062509247e+01
8.483623378092933365e+01
8.511924097979954240e+01
8.569432779404374401e+01
8.569432779404374401e+01
8.590755002632602100e+01
8.647747333253323632e+01
8.706912909574451476e+01
8.756864004596978646e+01
8.794952624331003221e+01
8.805587938379547097e+01
8.844966283119818229e+01
8.887840268996754389e+01
8.935613712843858991e+01
8.969867213042147114e+01
9.033309473901117315e+01
9.091363953505694440e+01
9.154382387376126928e+01
9.211404998940029998e+01
9.242765935753841688e+01
9.286171916657461622e+01
9.339629899393273149e+01
9.339629899393273149e+01
9.367296507695947128e+01
9.419655052739885548e+01
9.419655052739885548e+01
9.454584014485740795e+01
9.533754715698506743e+01
9.548707573089960476e+01
9.598235539607759392e+01
9.618741884917955076e+01
9.664931477609934518e+01
9.730441598809804304e+01
9.772277576440484381e+01
9.838940515706235601e+01
9.902362469791016508e+01
9.927084262556223848e+01
9.950038644778888397e+01
9.984541327430675040e+01
1.004588710100887283e+02
1.009180944273486915e+02
1.012809482415788409e+02
1.014048580886066730e+02
1.020647051403405072e+02
1.023272520859314909e+02
1.028526305809221384e+02
1.032258642507399884e+02
1.038295697530083288e+02
1.042155525380977110e+02
1.045468044179101241e+02
1.047972834665773831e+02
1.051098176683975822e+02
1.056712956057642145e+02
1.062131717052284046e+02
1.065675401459569969e+02
1.070185216420884871e+02
1.073475699717693175e+02
1.077198108905580654e+02
1.079007227614191891e+02
1.083372788844212238e+02
1.086010319556956460e+02
1.088879818720023422e+02
1.089601524167904500e+02
1.095163164111150138e+02
1.097960367761758249e+02
1.104935633957888115e+02
1.111616536693990156e+02
1.115970879040151686e+02
1.119938791475005502e+02
1.124957499583403546e+02
1.127742957865513063e+02
1.133362933683691551e+02
1.138139486443831032e+02
1.141183604709918740e+02
1.146481766958015527e+02
1.153810454810241879e+02
1.156817466921167323e+02
1.157285698672746577e+02
1.160717085185903841e+02
1.162820741626487546e+02
1.166563893886781500e+02
1.171737037925730647e+02
1.176942075161638286e+02
1.177096377424137188e+02
1.178448717625613966e+02
1.181293095906420518e+02
1.183921689030953530e+02
1.184644628161517943e+02
1.187950651711268506e+02
1.191988082060136662e+02
1.192636888268567930e+02
1.197694824322868925e+02
1.200481804230917788e+02
1.201838242997718851e+02
1.207474375222554244e+02
1.214901001016419855e+02
1.216166023067655004e+02
1.217270566777660719e+02
1.221125591099182657e+02
1.222031538342387051e+02
1.223391097597559138e+02
1.224403110602306413e+02
1.226023295812784397e+02
1.231836298286046940e+02
1.231866489267607250e+02
1.235725492977417161e+02
1.236637254463330606e+02
1.244042171506242198e+02
1.244478041586642263e+02
1.245622366332793973e+02
1.251810685444625619e+02
1.257152377554570108e+02
1.260209236003661175e+02
1.264352158565982052e+02
1.268051598120411398e+02
1.270811983806039365e+02
1.270822681709716733e+02
1.275614565498748476e+02
1.283667202787450208e+02
1.287653581700131156e+02
1.289460262334844742e+02
1.292777540675691910e+02
1.294276434045546864e+02
1.300609374309368604e+02
1.304901451179149774e+02
1.312107724419898602e+02
1.319362211519673735e+02
1.320645601020008542e+02
1.323572120236205194e+02
1.329546510109638859e+02
1.334660989016638837e+02
1.337548095502420438e+02
1.344048205201021062e+02
1.348846697790660869e+02
1.350014211806346225e+02
1.354688221467394840e+02
1.354688221467394840e+02
1.357883042196901329e+02
1.362526780702274607e+02
1.364969393708441032e+02
1.365774632682677918e+02
1.369989232889354298e+02
1.370556024262810126e+02
1.370640740515872267e+02
1.376178596869768569e+02
1.376178596869768569e+02
1.382667860684463790e+02
1.386640563528352743e+02
1.387471295220435650e+02
1.388646414913950196e+02
1.390703374333876923e+02
1.392181562527752874e+02
1.396489316526819664e+02
1.400786191149175579e+02
1.404025026411123918e+02
1.411072559412518501e+02
1.411072559412518501e+02
1.415093968370330515e+02
1.420618978172759626e+02
1.422412364832694891e+02
1.427096569026672057e+02
1.427096569026672057e+02
1.431352944167543342e+02
1.431352944167543342e+02
1.433824335810001003e+02
1.435756465251845952e+02
1.438629943279461827e+02
1.442037037896485856e+02
1.446651885012654759e+02
1.448701585006786274e+02
1.454835677526175459e+02
1.459706029345591389e+02
1.463360476315748997e+02
1.468213993582043884e+02
1.472929144668284209e+02
1.477445776185998625e+02
1.482940164958481262e+02
1.489955726363163251e+02
1.496229123489765414e+02
1.500747755882730132e+02
1.504177175496853351e+02
1.510392372469880797e+02
1.517310876157712869e+02
1.523867679799278960e+02
1.525789907277124655e+02
1.527342714474384309e+02
1.528713857956159927e+02
1.530449863704925235e+02
1.534567482671907896e+02
1.534567482671907896e+02
1.538698852283082203e+02
1.542441663729064487e+02
1.548530043450130051e+02
1.550544853453148448e+02
1.552790109754824925e+02
1.554288267520901456e+02
1.557589008093691803e+02
1.559782856729524099e+02
1.560051340394706187e+02
1.562154082116985592e+02
1.562154082116985592e+02
1.562475409861465323e+02
1.565087021211877243e+02
1.566266131959600045e+02
1.570157225455733681e+02
1.573096741124300308e+02
1.573096741124300308e+02
1.577980282834847685e+02
1.579341684834515149e+02
1.583148081785521128e+02
1.587179802498743868e+02
1.587875838987170596e+02
1.587875838987170596e+02
1.587875838987170596e+02
1.589195359817718725e+02
1.592084062212487083e+02
1.595523200074349290e+02
1.595523200074349290e+02
1.600681397982246210e+02
1.601517459140848700e+02
1.607364070308691169e+02
1.611063080712315241e+02
1.614059904564711587e+02
1.620109456486549675e+02
1.622680703112521030e+02
1.622680703112521030e+02
1.627746739234291908e+02
1.632042291849626281e+02
1.632259281339091785e+02
1.634651761099900682e+02
1.637813046175823786e+02
1.637813046175823786e+02
1.642485259215380609e+02
1.645969052182935570e+02
1.649645166580079660e+02
1.649645166580079660e+02
1.655080659850490292e+02
1.659480605133637425e+02
1.665264605150275088e+02
1.671605389872656531e+02
1.675279697148146170e+02
1.675279697148146170e+02
1.679193587919307902e+02
1.682744484707586423e+02
1.684889269781842813e+02
1.689678299867748308e+02
1.691686709922692273e+02
1.695553149946474889e+02
1.697820669599445011e+02
1.699826488945978440e+02
1.706589251180480176e+02
1.713508555416814829e+02
1.716220525455649977e+02
1.719857562833702218e+02
1.726717986943409926e+02
1.732245655720173545e+02
1.737701806629580119e+02
1.740416035943908355e+02
1.747215736009199532e+02
1.751845302566665339e+02
1.755790864760578813e+02
1.759811985481482566e+02
1.763703101953107080e+02
1.765640167027611369e+02
1.771380000859679456e+02
1.771380000859679456e+02
1.773982020822912773e+02
1.780507081578835766e+02
1.784351077270462156e+02
1.784351077270462156e+02
1.785790136995790647e+02
1.791018714932372120e+02
1.793007981204285386e+02
1.795050267832763211e+02
1.796347326159307158e+02
1.803026092246030032e+02
1.807276314679862139e+02
1.809241609511670106e+02
1.815660848953640425e+02
1.818984861180643406e+02
1.819755280645947835e+02
1.826601145880695469e+02
1.831763199195838752e+02
1.833826620908460541e+02
1.840959202848900418e+02
1.848577070335873032e+02
1.853263663037889444e+02
1.855160206824298825e+02
1.858583586113302601e+02
1.861514461738721309e+02
1.865092337610444417e+02
1.865092337610444417e+02
1.869210105641458597e+02
1.874293097313221494e+02
1.878323557486784239e+02
1.880525758065674893e+02
1.883028485743099623e+02
1.886705439248741243e+02
1.886705439248741243e+02
1.891002344749102519e+02
1.896548374589237653e+02
1.900984977913359160e+02
1.903465500490359261e+02
1.907797957816736698e+02
1.910569546510207317e+02
1.912257685302982679e+02
1.915359674608061766e+02
1.916295441062847260e+02
1.919484567739049226e+02
1.922426489038978161e+02
1.925041148599080714e+02
1.928221379446372055e+02
1.934051482419129115e+02
1.939684846901311346e+02
1.941939354605775634e+02
1.945358805440044421e+02
1.945988208482230277e+02
1.947603960587458971e+02
1.948102096485122559e+02
1.949032564118122650e+02
1.951714410120155776e+02
1.955925041745088322e+02
1.958272811089823620e+02
1.958272811089823620e+02
1.963133500068750834e+02
1.965323863144411405e+02
1.968244697959133021e+02
1.973551053095893053e+02
1.974144017260293822e+02
1.978262583412475237e+02
1.979074332570253603e+02
1.979474563195858536e+02
1.982083887328249432e+02
1.988689682006812802e+02
1.992368803385297440e+02
1.996510826338917184e+02
1.997576155853372768e+02
2.000007501734607160e+02
2.005468093992528509e+02
2.006446241722805439e+02
2.007461126733462038e+02
2.014704978767602768e+02
2.017602860028392797e+02
2.022088458667443831e+02
2.028312151402022323e+02
2.028312151402022323e+02
2.033767772067454302e+02
2.033767772067454302e+02
2.036446109519033030e+02
2.039328022188011857e+02
2.040595907908072490e+02
2.041514816204219755e+02
2.041514816204219755e+02
2.041876912317699464e+02
2.046367705853496091e+02
2.053747290382535766e+02
2.056989768233572420e+02
2.058555323750755690e+02
2.058555323750755690e+02
2.059319925299824092e+02
2.060749857766096227e+02
2.066554590106545959e+02
2.066554590106545959e+02
2.072634081004687232e+02
2.072634081004687232e+02
2.075744353268177917e+02
2.082946519217464640e+02
2.087666464729310576e+02
2.093390913763810772e+02
2.093390913763810772e+02
2.099673929854036487e+02
2.102684860452401097e+02
2.104502263460533982e+02
2.108122635154402644e+02
2.112448719090868963e+02
2.116158694059415950e+02
2.120720112870712342e+02
2.122682994070706002e+02
2.123899785738001924e+02
2.129865576927074926e+02
2.133504430404632330e+02
2.137923797271145077e+02
2.141353475354659679e+02
2.147232814045575537e+02
2.150504881694431560e+02
2.153393391679084630e+02
2.156706168838968836e+02
2.156706168838968836e+02
2.159722310201089783e+02
2.165174974436140758e+02
2.171559757686991361e+02
2.177080106866970084e+02
2.177546365995002020e+02
2.179158588169403856e+02
2.184419260974927113e+02
2.189358619053076893e+02
2.193447753817414991e+02
2.193832707093561680e+02
2.194850568738312688e+02
2.194885362960118584e+02
2.197523121522750671e+02
2.199540118149044190e+02
2.199540118149044190e+02
2.203101813364912402e+02
2.203920838958088098e+02
2.206537965028548172e+02
2.209302779301667385e+02
2.209302779301667385e+02
2.209302779301667385e+02
2.213639864054205191e+02
2.217082547540292410e+02
2.217922131022315284e+02
2.224414336882126690e+02
2.227954359395982635e+02
2.228251314634784137e+02
2.230183404004116596e+02
2.230183404004116596e+02
2.232564040604251261e+02
2.235459325399608588e+02
2.239242164804888091e+02
2.239242164804888091e+02
2.239242164804888091e+02
2.246957602705642500e+02
2.250876494745157572e+02
2.254960674604039070e+02
2.256628595110208835e+02
2.260083581408439102e+02
2.263414988046767462e+02
2.266849132356288408e+02
2.269168949912245523e+02
2.273183057085244059e+02
2.274870431862443638e+02
2.275631805177368676e+02
2.278865608627232291e+02
2.282734469754446138e+02
2.286918078244414971e+02
2.289281534418485649e+02
2.296850334302368992e+02
2.301351822580342343e+02
2.305169131031461802e+02
2.308416336053543887e+02
2.314554151673691536e+02
2.319384237842020298e+02
2.325559639464832173e+02
2.325559639464832173e+02
2.331287177184259178e+02
2.333210659777831211e+02
2.334765742517747924e+02
2.339267646938695577e+02
2.344256234292303134e+02
2.346081151496880182e+02
2.346081151496880182e+02
2.351325110091635793e+02
2.359270607017217856e+02
2.361583021451985758e+02
2.365399560088498276e+02
2.371265309808418351e+02
2.378878845918778495e+02
2.384110965214196654e+02
2.389428675570014207e+02
2.394264008764893390e+02
2.394264008764893390e+02
2.397968093448371576e+02
2.401463327996798114e+02
2.404478224389860372e+02
2.404478224389860372e+02
2.404712717259994861e+02
2.409303309229604793e+02
2.409565133605029246e+02
2.413779209580860368e+02
2.414369941854890556e+02
2.418581594627448794e+02
2.422323152395451018e+02
2.427456329400307027e+02
2.428306007595831488e+02
2.433430515618419747e+02
2.440010155806531316e+02
2.441729282745149021e+02
2.442852946352372783e+02
2.449854407321436156e+02
2.452900061753460079e+02
2.456975169156673928e+02
2.463283162901837784e+02
2.466915633166914859e+02
2.470709463986718788e+02
2.477858375775249158e+02
2.483523476126445075e+02
2.485876211731346643e+02
2.488107489241773465e+02
2.493112507602249934e+02
2.498021255645343786e+02
2.503589117020314916e+02
2.506757275022061435e+02
2.511800968870148267e+02
2.513136544596104898e+02
2.515269414956335936e+02
2.521229769826184395e+02
2.525429196369008480e+02
2.529888670847799403e+02
2.532552010338684170e+02
2.537828432790641955e+02
2.537828432790641955e+02
2.541691516161973254e+02
2.547741381849262723e+02
2.551338679536698066e+02
2.554557150266447252e+02
2.560645456461049321e+02
2.563054167067836033e+02
2.566513644152846041e+02
2.572456930875283092e+02
2.578229982422350872e+02
2.582150588737047201e+02
2.586999910000243972e+02
2.586999910000243972e+02
2.588445485554356651e+02
2.594032823014462679e+02
2.598061087569289498e+02
2.600305115473565252e+02
2.600305115473565252e+02
2.606163509691053832e+02
2.612288515877801274e+02
2.613228121003284059e+02
2.613861435008080321e+02
2.619271305059546648e+02
2.622580897433872451e+02
2.627496545923597182e+02
2.630076137054537071e+02
2.630076137054537071e+02
2.631004150198035632e+02
2.634323260504776840e+02
2.638933374307807753e+02
2.641671847951892573e+02
2.647165040087059538e+02
2.647904477102209171e+02
2.651103558208502591e+02
2.655483656876854752e+02
2.655483656876854752e+02
2.660526292542554643e+02
2.663741667522622834e+02
2.668609979510341077e+02
2.670542452744775801e+02
2.673572230899535498e+02
2.674724917889431595e+02
2.676023228889594066e+02
2.679779540163695515e+02
2.680400203270555153e+02
2.684291648904494423e+02
2.695021445723290299e+02
2.697150770215494617e+02
2.697150770215494617e+02
2.697180134418502462e+02
2.701875476044087350e+02
2.706576780714935921e+02
2.710839136064549280e+02
2.713422551778944012e+02
2.714043042737189921e+02
2.714043042737189921e+02
2.719239216746013312e+02
2.721234009212685692e+02
2.721246335684067503e+02
2.723238013802846353e+02
2.729437320591921434e+02
2.732472248664388985e+02
2.735046381434831915e+02
2.738260254165467700e+02
2.738260254165467700e+02
2.741720516830151269e+02
2.741720516830151269e+02
2.747765267713443222e+02
2.750370205168678126e+02
2.753646850392877354e+02
2.757368572282700256e+02
2.757368572282700256e+02
2.761673567854793419e+02
2.761673567854793419e+02
2.763340037599182892e+02
2.765645863552558126e+02
2.768900187704458631e+02
2.770674663509503262e+02
2.772958982870680984e+02
2.776211274307842132e+02
2.778731692274510010e+02
2.779580341028955672e+02
2.783699512730030392e+02
2.788022392201727939e+02
2.788022392201727939e+02
2.788022392201727939e+02
2.792457919302931941e+02
2.795107833793984469e+02
2.795107833793984469e+02
2.798978986441143206e+02
2.798978986441143206e+02
2.801995298113228614e+02
2.802450568708484298e+02
2.807924015304367913e+02
2.808404709677803908e+02
2.813763412581930652e+02
2.817099472650749590e+02
2.823059081216268282e+02
2.824738829006327023e+02
2.829662710600468358e+02
2.832764760251957910e+02
2.833529150792111864e+02
2.835727487987399513e+02
2.835727487987399513e+02
2.838443165987466728e+02
2.839128781858162256e+02
2.839478873559674525e+02
2.841996037958123793e+02
2.846642332055841962e+02
2.850342489748694561e+02
2.854912395634703444e+02
2.854912395634703444e+02
2.854912395634703444e+02
2.856832143579775902e+02
2.857927040711518316e+02
2.857927040711518316e+02
2.862013455419955221e+02
2.865221734432224139e+02
2.865221734432224139e+02
2.867559445224620163e+02
2.869701750295000124e+02
2.871378471603172216e+02
2.874400849339762090e+02
2.876842283434207275e+02
2.879381234888861059e+02
2.884587505227539168e+02
2.892582262074332107e+02
2.892582262074332107e+02
2.892582262074332107e+02
2.894642354138921974e+02
2.894642354138921974e+02
2.896271423813865340e+02
2.900602025899806335e+02
2.904586412144330438e+02
2.905248224439565661e+02
2.905248224439565661e+02
2.905248224439565661e+02
2.907947158083374006e+02
2.909154798729920799e+02
2.909154798729920799e+02
2.909288460748872467e+02
2.914307318811920595e+02
2.915870150677056358e+02
2.917930782176077855e+02
2.923344847784015883e+02
2.927156179772775886e+02
2.932512224808837686e+02
2.933464147940226781e+02
2.935062805135415829e+02
2.939496002422481524e+02
2.943166700448853703e+02
2.944226691330871404e+02
2.945875515690132147e+02
2.946204064171334949e+02
2.947648140028999251e+02
2.952931982675688687e+02
2.955562934470825667e+02
2.958897107354564469e+02
2.958897107354564469e+02
2.965015635732694932e+02
2.970555660964508888e+02
2.972541868650998822e+02
2.975506547590165951e+02
2.976214624739968713e+02
2.976214624739968713e+02
2.976214624739968713e+02
2.979720180348779763e+02
2.983259322501976385e+02
2.984134762309498115e+02
2.985786566723298279e+02
2.990401818387394428e+02
2.992713601136971988e+02
2.998524453924129034e+02
2.999494458880250818e+02
3.000325957275245514e+02
3.005242334776993971e+02
3.009192258992666211e+02
3.015172587033621880e+02
3.016653041378082776e+02
3.020697235694360074e+02
3.021300298749519584e+02
3.025441888265380044e+02
3.028254663179594104e+02
3.029007100303599600e+02
3.034478463874738168e+02
3.037816951123656395e+02
3.042241714929807586e+02
3.045277241770509704e+02
3.047024625830372884e+02
3.048693160068300472e+02
3.050335847895368033e+02
3.055308384026155295e+02
3.055804092786019623e+02
3.055804092786019623e+02
3.057069122567154409e+02
3.059611304524278239e+02
3.059611304524278239e+02
3.062592718047410472e+02
3.062592718047410472e+02
3.065768207855941796e+02
3.069012421335913245e+02
3.072980865061700797e+02
3.072980865061700797e+02
3.072980865061700797e+02
3.073721829886338810e+02
3.076293008752716105e+02
3.081345388109904775e+02
3.081783701829585311e+02
3.081783701829585311e+02
3.081783701829585311e+02
3.083692116341607630e+02
3.086017445005888931e+02
3.086017445005888931e+02
3.087154043409240103e+02
3.087222648866014083e+02
3.090715876115878586e+02
3.095282269763919203e+02
3.100581694853124191e+02
3.101447541431591617e+02
3.104332539167596110e+02
3.109108825040714805e+02
3.113105314688556859e+02
3.116182577679610972e+02
3.120778696772940748e+02
3.123703973753536047e+02
3.126108701328371922e+02
3.127580492444982383e+02
3.127583724029151426e+02
3.130358133141358508e+02
3.130940554270451344e+02
3.130940554270451344e+02
3.135297502572504413e+02
3.135297502572504413e+02
3.138039223827394153e+02
3.140596647359483313e+02
3.143260588118586156e+02
3.145693622647748384e+02
3.148547309066362345e+02
3.153213287196994088e+02
3.155221822817026123e+02
3.156106383827049626e+02
3.160840453405417065e+02
3.165351740211966671e+02
3.169167794476676363e+02
3.170813948273170126e+02
3.172495029869015184e+02
3.174213221268371967e+02
3.174213221268371967e+02
3.175882567626119908e+02
3.176263989101958600e+02
3.177462065997117406e+02
3.181625996500630436e+02
3.182853527187021996e+02
3.185978990248747209e+02
3.189906703772585956e+02
3.193853695243605557e+02
3.196262654043009661e+02
3.198881872114445741e+02
3.200298688957445279e+02
3.200960967430935398e+02
3.200960967430935398e+02
3.200960967430935398e+02
3.201172881502191103e+02
3.204632257252096110e+02
3.206447877281215710e+02
3.209364972106716891e+02
