6.785606914704493953e-01
1.018540892167694834e+00
1.406680065153077308e+00
1.653581989394701912e+00
1.756176838475722146e+00
2.350515560479198740e+00
2.442443873305589985e+00
2.699692875337971643e+00
3.030865189664888604e+00
3.526065368771389874e+00
3.559202105939582417e+00
3.559202105939582417e+00
4.065737910606628702e+00
4.065737910606628702e+00
4.065737910606628702e+00
4.280962624863629884e+00
4.435776843589076535e+00
4.467144194542580493e+00
4.557113153928532334e+00
4.557113153928532334e+00
4.557113153928532334e+00
4.953447219494134579e+00
5.395717348229615240e+00
5.395717348229615240e+00
5.395717348229615240e+00
5.766912398980541532e+00
6.286895720022867451e+00
6.875469190546541931e+00
6.875469190546541931e+00
7.233854787626100347e+00
7.724938258614416853e+00
8.609574142394697205e+00
9.449499062983944597e+00
1.012432123633571734e+01
1.063138524823683362e+01
1.101170425663496211e+01
1.130295354038384481e+01
1.176215065930292170e+01
1.248553743160746343e+01
1.315165793002817729e+01
1.396929201887815886e+01
1.431006634703143732e+01
1.478414748995147576e+01
1.496573541937449470e+01
1.555776885536496401e+01
1.586492952896453623e+01
1.632804449279880288e+01
1.679587320788936822e+01
1.697295624150174831e+01
1.737951397679545096e+01
1.790555203726310296e+01
1.839887076190944626e+01
1.892888883931153998e+01
1.949262567862466256e+01
1.998812595864899322e+01
2.070514239915561561e+01
2.130868992293454767e+01
2.189585101151498137e+01
2.245559585758951826e+01
2.279431683236664696e+01
2.296604506710344751e+01
2.352573756078290401e+01
2.417198059158073775e+01
2.454267804504890194e+01
2.532479471344009170e+01
2.565166917056286877e+01
2.623280262027342147e+01
2.693145592510577657e+01
2.760205438723829729e+01
2.819387116328691079e+01
2.887170009544287907e+01
2.972932446756148650e+01
3.054494974602709689e+01
3.113509615781948980e+01
3.155892996474247170e+01
3.215032934565255118e+01
3.285465465741215496e+01
3.332862638902517460e+01
3.348839929924192660e+01
3.378623933236321619e+01
3.439411526623758419e+01
3.490527837805861822e+01
3.550571144524239742e+01
3.607296010071480197e+01
3.664846172480289255e+01
3.701524465642823714e+01
3.789311326496132892e+01
3.849171348168678009e+01
3.884793753497316970e+01
3.959617001989028040e+01
4.010354691238203628e+01
4.094241250589700343e+01
4.141888205965982195e+01
4.212924994310964166e+01
4.292228913622250985e+01
4.328563323551163222e+01
4.361972599922616922e+01
4.388165619156768571e+01
4.450914508304304462e+01
4.486695992156018775e+01
4.486695992156018775e+01
4.512385193533546612e+01
4.549192449345126477e+01
4.567945170721633730e+01
4.597221079302733671e+01
4.614723416626352304e+01
4.671020416783714779e+01
4.737346710157149232e+01
4.757230433828321736e+01
4.790681083688318154e+01
4.790681083688318154e+01
4.811382810906923169e+01
4.811382810906923169e+01
4.840620480838582296e+01
4.840620480838582296e+01
4.879810825757543569e+01
4.885098674141480046e+01
4.922208182115607400e+01
4.925837319087115418e+01
4.946200903502771951e+01
4.949113556189892194e+01
4.949935591716722172e+01
4.949935591716722172e+01
4.949935591716722172e+01
4.983753603630552931e+01
5.015207857492831067e+01
5.050277025869774405e+01
5.086830921060322908e+01
5.163574780999187652e+01
5.205765201754996241e+01
5.205765201754996241e+01
5.225938416314575363e+01
5.255184557214734298e+01
5.264399743771364371e+01
5.287918465624072439e+01
5.320837246789987063e+01
5.342592127142862779e+01
5.359696346690137148e+01
5.396919026198627023e+01
5.434390779095687662e+01
5.474061655327373188e+01
5.505343282922234494e+01
5.505343282922234494e+01
5.531568696903718063e+01
5.570682316569052972e+01
5.602285294910470981e+01
5.611771647940120289e+01
5.650599859552917792e+01
5.672009043774370696e+01
5.694876051069385170e+01
5.732861449366681228e+01
5.754276724359908002e+01
5.770536501538634155e+01
5.812299817798546542e+01
5.850335775282185580e+01
5.908446184979612070e+01
5.918936956539870664e+01
5.947576606833911939e+01
5.975965301036296751e+01
5.994157377907846040e+01
5.994157377907846040e+01
6.053559050187043766e+01
6.082375578628018786e+01
6.135259270654234598e+01
6.178770942444994319e+01
6.184962221393683990e+01
6.192093611202047754e+01
6.210029065723338704e+01
6.235975375646878405e+01
6.273101155362766690e+01
6.323042412521670030e+01
6.371832793062005607e+01
6.371832793062005607e+01
6.387206636990526931e+01
6.444415008481558971e+01
6.474494784202920528e+01
6.474494784202920528e+01
6.474494784202920528e+01
6.526121653527860644e+01
6.562251718443492621e+01
6.581468966335368975e+01
6.596545165089359841e+01
6.636972753392620916e+01
6.668797355111318836e+01
6.721279521991861827e+01
6.745227990855306643e+01
6.765530850356398673e+01
6.776847033595693404e+01
6.821707952838714561e+01
6.856479894558466981e+01
6.940528132185262677e+01
6.940528132185262677e+01
6.943104415211590208e+01
6.947827778200914395e+01
7.033815989453594852e+01
7.062560669658341794e+01
7.062560669658341794e+01
7.103398492053369750e+01
7.103398492053369750e+01
7.155939168776266968e+01
7.158524015952487218e+01
7.196247616892758003e+01
7.226294281538879716e+01
7.260802803750553380e+01
7.295246894633336865e+01
7.330304942651717681e+01
7.330304942651717681e+01
7.330304942651717681e+01
7.333253262815118489e+01
7.338222583360219176e+01
7.338222583360219176e+01
7.341812175460884760e+01
7.416358101868243580e+01
7.461527334680431522e+01
7.497844204491276798e+01
7.510513482895798631e+01
7.550583281050734286e+01
7.550583281050734286e+01
7.577709056550108357e+01
7.591806835844226953e+01
7.591806835844226953e+01
7.591806835844226953e+01
7.621591237741509417e+01
7.632269977875881750e+01
7.632269977875881750e+01
7.637333076955020772e+01
7.653791391775669695e+01
7.653791391775669695e+01
7.684186560380088338e+01
7.684186560380088338e+01
7.716515290140178251e+01
7.739984677921879097e+01
7.782999878586514342e+01
7.782999878586514342e+01
7.841344861146637868e+01
7.861773109492467881e+01
7.875461186830095528e+01
7.875461186830095528e+01
7.875951597444721131e+01
7.888448819454693250e+01
7.932571062264953810e+01
7.982974280969396830e+01
7.982974280969396830e+01
8.000783787081896037e+01
8.000783787081896037e+01
8.000783787081896037e+01
8.021846064009677946e+01
8.021846064009677946e+01
8.050265845476685911e+01
8.073390302117762474e+01
8.079379613793565795e+01
8.079379613793565795e+01
8.091402660527057833e+01
8.103741457948449067e+01
8.117682199247623487e+01
8.137711967447586403e+01
8.162969058710538661e+01
8.180918209991801859e+01
8.180918209991801859e+01
8.224424488252019216e+01
8.248213556780864053e+01
8.278097327981636511e+01
8.296068694849232372e+01
8.296068694849232372e+01
8.332185091987837211e+01
8.387846889091446201e+01
8.416550720402010199e+01
8.449619738568082994e+01
8.475081519607097391e+01
8.504128124681484735e+01
8.504128124681484735e+01
8.505938699503437306e+01
8.505938699503437306e+01
8.537696776838787116e+01
8.563507531672996720e+01
8.609208492578690652e+01
8.618727199583788945e+01
8.621361305677469034e+01
8.642533679998827267e+01
8.674701529091342422e+01
8.674701529091342422e+01
8.695365770996345134e+01
8.717586626381695680e+01
8.742744564774815785e+01
8.756173199553263942e+01
8.830770749053080237e+01
8.830770749053080237e+01
8.830770749053080237e+01
8.840256184575120812e+01
8.856195098384581854e+01
8.897247934483230836e+01
8.897247934483230836e+01
8.897247934483230836e+01
8.897247934483230836e+01
8.917076649407256639e+01
8.946040305522811309e+01
8.946040305522811309e+01
8.981943922031668137e+01
8.994977430045001654e+01
9.047991798670469166e+01
9.047991798670469166e+01
9.073690470013048071e+01
9.091951332149099585e+01
9.091951332149099585e+01
9.114779763697917758e+01
9.166023126069390514e+01
9.223998884215697558e+01
9.234024408650586224e+01
9.265953052716319860e+01
9.283399481388030949e+01
9.315160674067580260e+01
9.364518501182071475e+01
9.410458259638771494e+01
9.463848854133860300e+01
9.463848854133860300e+01
9.517502299411718525e+01
9.547131604028535889e+01
9.577068394498917314e+01
9.590296966281931645e+01
9.634175978655532901e+01
9.709301703851924970e+01
9.723061665994919167e+01
9.736377014574198085e+01
9.736377014574198085e+01
9.736377014574198085e+01
9.758869385712293365e+01
9.803230193121805769e+01
9.809816597930462478e+01
9.829686229798022623e+01
9.851161303218412968e+01
9.863523961243015492e+01
9.867305545698148705e+01
9.896408548759031021e+01
9.955585199694156984e+01
9.981561984900136508e+01
1.001986363037526075e+02
1.005299681845195323e+02
1.006506967236073820e+02
1.008047208770810386e+02
1.013644719800924037e+02
1.017524894204597246e+02
1.019992241576200627e+02
1.025342241903002076e+02
1.025411339236512589e+02
1.031997140466728808e+02
1.031997140466728808e+02
1.036445850689455312e+02
1.039125103282186871e+02
1.041023960907086092e+02
1.047211812381865457e+02
1.047626143429119452e+02
1.048820913862007131e+02
1.050000930659886507e+02
1.051335518851776669e+02
1.057767382889988710e+02
1.060053575744309313e+02
1.063783816949675440e+02
1.068726849346903833e+02
1.071313133223833916e+02
1.071788694125726948e+02
1.072073798901704009e+02
1.075839949146466381e+02
1.077474138718279733e+02
1.077474138718279733e+02
1.078966234663614188e+02
1.080457070938955439e+02
1.083487990346746699e+02
1.084275560358267967e+02
1.089764281133907105e+02
1.094890942533513680e+02
1.099155618795106903e+02
1.099155618795106903e+02
1.100574933906341926e+02
1.108000912968913099e+02
1.111532619272115738e+02
1.112758662753991814e+02
1.114825992362221712e+02
1.114825992362221712e+02
1.118430327289539008e+02
1.121290453317421196e+02
1.121290453317421196e+02
1.125391516026574266e+02
1.126309651771509408e+02
1.126309651771509408e+02
1.126309651771509408e+02
1.128154367906447106e+02
1.132088508309091708e+02
1.132088508309091708e+02
1.132215147310228360e+02
1.133249964494242192e+02
1.133724316413775597e+02
1.134801202507600806e+02
1.134845343574526737e+02
1.140335983596193614e+02
1.141754114568413314e+02
1.143264711473794648e+02
1.146547059722392561e+02
1.148454485164740362e+02
1.148454485164740362e+02
1.148454485164740362e+02
1.148513532849530492e+02
1.150195338578133999e+02
1.154536292678743479e+02
1.156158435478471489e+02
1.156158435478471489e+02
1.156158435478471489e+02
1.158836626281085245e+02
1.159218034592157807e+02
1.164161580631437687e+02
1.164161580631437687e+02
1.170850806650334874e+02
1.170850806650334874e+02
1.170850806650334874e+02
1.173461882386649648e+02
1.175809441336006671e+02
1.179096658267392570e+02
1.179096658267392570e+02
1.183521077780758475e+02
1.185236735034771556e+02
1.187308201034747412e+02
1.189778356043982797e+02
1.191539792997885172e+02
1.191539792997885172e+02
1.192108045487962329e+02
1.192108045487962329e+02
1.192108045487962329e+02
1.192108045487962329e+02
1.194489162580180874e+02
1.199126045943791468e+02
1.200964383492212164e+02
1.200964383492212164e+02
1.201236798297017572e+02
1.202154743597116067e+02
1.202154743597116067e+02
1.202972263720703410e+02
1.205590676247070263e+02
1.208350675888690233e+02
1.211708417662324848e+02
1.213777759003143757e+02
1.218341370970682505e+02
1.218498290468082814e+02
1.221267076699218705e+02
1.224057815715402455e+02
1.224057815715402455e+02
1.224814602509651422e+02
1.226585414126131752e+02
1.231658187434884297e+02
1.234007080177574807e+02
1.237158428586414942e+02
1.238514810651253129e+02
1.240092793000913076e+02
1.240254654475164671e+02
1.243421883628105888e+02
1.243421883628105888e+02
1.249756765465044452e+02
1.249877001269340724e+02
1.249877001269340724e+02
1.255310192721651532e+02
1.255866700910969200e+02
1.257247466602294708e+02
1.257247466602294708e+02
1.258491748420774030e+02
1.263007964444708904e+02
1.265826632612876494e+02
1.266530498556513322e+02
1.266530498556513322e+02
1.266530498556513322e+02
1.268980675397470037e+02
1.271304616789773547e+02
1.272080843331350621e+02
1.272788010730092054e+02
1.275179070758331790e+02
1.277082446304232093e+02
1.277240947465229368e+02
1.277240947465229368e+02
1.278201629471565752e+02
1.279565007006396371e+02
1.282242335534360507e+02
1.282242335534360507e+02
1.283227898225079571e+02
1.283227898225079571e+02
1.283740580990629780e+02
1.285650203861491434e+02
1.288259291217060536e+02
1.289406966502783689e+02
1.292756717283671435e+02
1.298527353996782949e+02
1.298527353996782949e+02
1.298691403740765509e+02
1.299846736484467442e+02
1.304426613737356320e+02
1.308456851653944000e+02
1.312205654436168345e+02
1.314839913310045461e+02
1.316010110803587452e+02
1.319617092135844985e+02
1.321772923130324955e+02
1.326418807663903578e+02
1.328751048884389547e+02
1.328751048884389547e+02
1.330391768159467176e+02
1.333383126374676522e+02
1.335056267563744257e+02
1.335056267563744257e+02
1.335056267563744257e+02
1.335446517861889788e+02
1.335446517861889788e+02
1.336894049641550453e+02
1.341084038086692658e+02
1.342704220621019715e+02
1.342704220621019715e+02
1.343356926314470741e+02
1.343772282897588184e+02
1.347387493868050115e+02
1.347387493868050115e+02
1.347387493868050115e+02
1.347387493868050115e+02
1.348826413968968154e+02
1.353316927695229026e+02
1.353316927695229026e+02
1.353514078084158427e+02
1.356044112910409751e+02
1.357458135749113239e+02
1.357458135749113239e+02
1.357754209744393563e+02
1.357754209744393563e+02
1.357754209744393563e+02
1.357754209744393563e+02
1.357754209744393563e+02
1.357770132347464767e+02
1.357770132347464767e+02
1.358013185250640333e+02
1.358585473384065381e+02
1.358585473384065381e+02
1.359222785419706838e+02
1.360623909646145933e+02
1.361549110158598523e+02
1.361549110158598523e+02
1.361549110158598523e+02
1.361549110158598523e+02
1.361713681593711556e+02
1.362951734887773227e+02
1.362951734887773227e+02
1.362951734887773227e+02
1.363974414730786577e+02
1.363974414730786577e+02
1.364604024192934730e+02
1.364852885744987532e+02
1.365194682482160999e+02
1.365194682482160999e+02
1.365194682482160999e+02
1.365194682482160999e+02
1.365194682482160999e+02
1.366428641566864428e+02
1.366428641566864428e+02
1.366428641566864428e+02
1.366428641566864428e+02
1.367736712716092882e+02
1.367736712716092882e+02
1.369250643626305362e+02
1.369250643626305362e+02
1.369250643626305362e+02
1.369728695782657439e+02
1.372931013289367570e+02
1.372931013289367570e+02
1.372931013289367570e+02
1.373231802081368187e+02
1.373231802081368187e+02
1.374791702733864156e+02
1.375126367219345980e+02
1.376293388100336870e+02
1.376293388100336870e+02
1.376293388100336870e+02
1.376293388100336870e+02
1.376293388100336870e+02
1.376293388100336870e+02
1.377706778690738929e+02
1.378291284719051077e+02
1.380579147668851476e+02
1.381382355877248926e+02
1.381382355877248926e+02
1.381382355877248926e+02
1.381382355877248926e+02
1.381382355877248926e+02
1.382693725565370357e+02
1.382693725565370357e+02
1.382693725565370357e+02
1.382693725565370357e+02
1.382693725565370357e+02
1.382693725565370357e+02
1.382693725565370357e+02
1.382693725565370357e+02
1.385635647016744088e+02
1.387679225084662278e+02
1.388461852801938790e+02
1.388461852801938790e+02
1.388461852801938790e+02
1.388461852801938790e+02
1.388461852801938790e+02
1.388461852801938790e+02
1.388461852801938790e+02
1.390510213267517088e+02
1.390510213267517088e+02
1.390510213267517088e+02
1.390510213267517088e+02
1.390510213267517088e+02
1.390824976175173049e+02
1.390824976175173049e+02
1.391655868905054092e+02
1.393558166347542340e+02
1.393558166347542340e+02
1.393803694461566920e+02
1.394601314084588068e+02
1.394601314084588068e+02
1.394601314084588068e+02
1.394601314084588068e+02
1.394601314084588068e+02
1.396198489156401479e+02
1.396198489156401479e+02
1.396954466320814561e+02
1.399932842180764112e+02
1.401777852224068965e+02
1.401777852224068965e+02
1.403004179465576726e+02
1.403004179465576726e+02
1.403717050953787862e+02
1.403944011038674091e+02
1.404398978622021446e+02
1.406903518597106881e+02
1.406903518597106881e+02
1.406903518597106881e+02
1.407384705642658673e+02
1.407384705642658673e+02
1.410051025523596309e+02
1.410051025523596309e+02
1.410460140483783960e+02
1.413037493746581390e+02
1.413037493746581390e+02
1.413037493746581390e+02
1.413778920966929320e+02
1.414779295053418480e+02
1.414779295053418480e+02
1.414779295053418480e+02
1.415055645663613006e+02
1.415170025574940951e+02
1.415170025574940951e+02
1.415170025574940951e+02
1.415864541555181120e+02
1.416724411264184766e+02
1.418916617789399766e+02
1.418916617789399766e+02
1.418916617789399766e+02
1.418916617789399766e+02
1.419009301857412879e+02
1.420017661572263705e+02
1.420017661572263705e+02
1.420017661572263705e+02
1.420380694405068880e+02
1.421572435108997752e+02
1.421584960881965856e+02
1.421584960881965856e+02
1.422856884816124534e+02
1.422856884816124534e+02
1.422856884816124534e+02
1.424369334500534876e+02
1.426410530365701845e+02
1.426410530365701845e+02
1.426908264423037167e+02
1.428849348929796861e+02
1.430364345805045332e+02
1.430377200989960045e+02
1.430377200989960045e+02
1.432215936235804747e+02
1.432773839761197792e+02
1.433744054024462002e+02
1.433744054024462002e+02
1.433857609247418168e+02
1.435337062396164924e+02
1.435337062396164924e+02
1.437788018728803081e+02
1.437788018728803081e+02
1.437788018728803081e+02
1.437788018728803081e+02
1.438471826341151143e+02
1.438471826341151143e+02
1.438471826341151143e+02
1.438471826341151143e+02
1.438471826341151143e+02
1.438471826341151143e+02
1.438471826341151143e+02
1.442434408313519896e+02
1.442921890471817790e+02
1.444678919201087410e+02
1.444678919201087410e+02
1.445883266277190558e+02
1.448061746295530270e+02
1.448061746295530270e+02
1.448318301694052934e+02
1.448318301694052934e+02
1.450379602792212381e+02
1.450379602792212381e+02
1.450379602792212381e+02
1.450379602792212381e+02
1.450379602792212381e+02
1.450379602792212381e+02
1.450511455072946490e+02
1.450511455072946490e+02
1.453899763611080118e+02
1.456094345489954947e+02
1.456094345489954947e+02
1.456094345489954947e+02
1.456253465468784611e+02
1.457350347321635695e+02
1.457350347321635695e+02
1.458823945518669802e+02
1.458823945518669802e+02
1.458823945518669802e+02
1.459648573942133964e+02
1.460525414712430177e+02
1.461573843118785021e+02
1.462525388482441713e+02
1.462525388482441713e+02
1.463635377381520470e+02
1.463635377381520470e+02
1.463635377381520470e+02
1.463635377381520470e+02
1.465739116751685174e+02
1.467074141993083742e+02
1.467074141993083742e+02
1.467759845315362668e+02
1.468306976771243626e+02
1.468306976771243626e+02
1.469009531976559799e+02
1.469336281941749007e+02
1.469336281941749007e+02
1.473580686524982468e+02
1.474036795763437340e+02
1.474036795763437340e+02
1.474036795763437340e+02
1.474956651671892587e+02
1.476911540410033865e+02
1.478993814540039295e+02
1.478993814540039295e+02
1.481321284044992979e+02
1.481321284044992979e+02
1.481321284044992979e+02
1.481321284044992979e+02
1.482296294263491063e+02
1.482296294263491063e+02
1.482296294263491063e+02
1.482308489749178477e+02
1.482308489749178477e+02
1.482308489749178477e+02
1.483949735113258726e+02
1.486250473666695768e+02
1.486774100930842337e+02
1.488910355232854670e+02
1.488910355232854670e+02
1.488910355232854670e+02
1.489798827139192952e+02
1.490705959183229368e+02
1.492154226947516804e+02
1.492869911268429917e+02
1.492869911268429917e+02
1.494709298545698175e+02
1.494709298545698175e+02
1.494947499114604454e+02
1.495340319429948295e+02
1.495340319429948295e+02
1.495643203168840785e+02
1.495643203168840785e+02
1.496019455235702651e+02
1.496019455235702651e+02
1.496019455235702651e+02
1.499401874352316213e+02
1.500695679446491511e+02
1.500695679446491511e+02
1.500695679446491511e+02
1.505353964398481708e+02
1.505353964398481708e+02
1.505353964398481708e+02
1.505579250196507815e+02
1.508089705505960296e+02
1.509643790416818092e+02
1.512445922453934486e+02
1.512445922453934486e+02
1.512445922453934486e+02
1.512445922453934486e+02
1.512445922453934486e+02
1.512445922453934486e+02
1.512445922453934486e+02
1.515132921998651625e+02
1.515132921998651625e+02
1.517883582583550606e+02
1.520264832872526597e+02
1.520264832872526597e+02
1.520264832872526597e+02
1.521827148062749870e+02
1.521827148062749870e+02
1.521827148062749870e+02
1.521827148062749870e+02
1.523010939918214603e+02
1.526468111250227082e+02
1.527784119984594895e+02
1.527784119984594895e+02
1.527784119984594895e+02
1.531283112988948858e+02
1.531283112988948858e+02
1.534217288223673563e+02
1.534818317932522973e+02
1.534818317932522973e+02
1.536694126283733226e+02
1.536694126283733226e+02
1.536694126283733226e+02
1.537263168980633736e+02
1.537263168980633736e+02
1.537505209815359422e+02
1.539123858395851698e+02
1.540944998260273167e+02
1.542490672175681254e+02
1.542490672175681254e+02
1.542490672175681254e+02
1.544899479554486845e+02
1.544899479554486845e+02
1.545841468608009279e+02
1.546165880304671418e+02
1.546729129959934141e+02
1.546729129959934141e+02
1.546729129959934141e+02
1.547071409700280356e+02
1.547894655697817257e+02
1.547894655697817257e+02
1.547894655697817257e+02
1.547894655697817257e+02
1.547894655697817257e+02
1.547894655697817257e+02
1.547894655697817257e+02
1.547894655697817257e+02
1.547894655697817257e+02
1.549110275087811885e+02
1.549110275087811885e+02
1.549110275087811885e+02
1.549110275087811885e+02
1.551247354389938664e+02
1.551247354389938664e+02
1.551984694478462359e+02
1.551984694478462359e+02
1.551984694478462359e+02
1.551984694478462359e+02
1.552683646833648083e+02
1.552683646833648083e+02
1.554393792062886916e+02
1.554654533839534167e+02
1.554654533839534167e+02
1.554654533839534167e+02
1.554654533839534167e+02
1.554654533839534167e+02
1.555034419319775623e+02
1.555034419319775623e+02
1.555034419319775623e+02
1.555377158322673381e+02
1.555933037778580967e+02
1.555933037778580967e+02
1.556775265953252756e+02
1.557637615496653041e+02
1.557637615496653041e+02
1.557851898380056923e+02
1.557851898380056923e+02
1.557851898380056923e+02
1.557982495414175901e+02
1.557982495414175901e+02
1.557982495414175901e+02
1.558331655643555962e+02
1.558331655643555962e+02
1.559215096511723857e+02
1.559215096511723857e+02
1.559215096511723857e+02
1.559600423378977894e+02
1.559600423378977894e+02
1.560452777482872193e+02
1.561266712750056058e+02
1.561266712750056058e+02
1.562972228596451885e+02
1.564273878771859927e+02
1.564464256446743491e+02
1.565478711586054601e+02
1.565478711586054601e+02
1.566684600147722506e+02
1.567889642455045305e+02
1.567889642455045305e+02
1.570008300754404900e+02
1.570008300754404900e+02
1.571515096353206502e+02
1.572243256672931011e+02
1.573948360612473039e+02
1.573948360612473039e+02
1.574542906021865747e+02
1.575845894753033178e+02
1.575845894753033178e+02
1.576231657517430449e+02
1.578363506404109557e+02
1.580334045981275608e+02
1.583527611946213085e+02
1.584398659883816549e+02
1.584398659883816549e+02
1.584398659883816549e+02
1.585508778375591135e+02
1.585508778375591135e+02
1.585508778375591135e+02
1.585508778375591135e+02
1.585508778375591135e+02
1.589114182213182858e+02
1.589114182213182858e+02
1.589114182213182858e+02
1.589114182213182858e+02
1.589822923533290862e+02
1.589822923533290862e+02
1.589822923533290862e+02
1.589822923533290862e+02
1.589822923533290862e+02
1.589822923533290862e+02
1.592596239122276245e+02
1.595062555103133661e+02
1.596053865750064915e+02
1.596053865750064915e+02
1.596053865750064915e+02
1.596053865750064915e+02
1.597002360618340333e+02
1.597002360618340333e+02
1.598496398218470347e+02
1.601787348029867246e+02
1.602909626556011631e+02
1.602909626556011631e+02
1.604603613474237989e+02
1.605326545470932160e+02
1.605326545470932160e+02
1.608003566850158279e+02
1.608452288263309242e+02
1.608913040258768774e+02
1.608913040258768774e+02
1.610620103578539499e+02
1.610910850349704049e+02
1.610910850349704049e+02
1.611058628510922688e+02
1.611058628510922688e+02
1.612261904509125827e+02
1.612261904509125827e+02
1.612599868183584420e+02
1.612599868183584420e+02
1.612599868183584420e+02
1.612599868183584420e+02
1.612599868183584420e+02
1.613084194711893531e+02
1.613084194711893531e+02
1.613084194711893531e+02
1.613484157533046357e+02
1.613805291863758384e+02
1.613805291863758384e+02
1.614437517721006827e+02
1.614437517721006827e+02
1.614773214340960976e+02
1.614998603528400736e+02
1.616309863320354054e+02
1.616309863320354054e+02
1.617534764166711909e+02
1.617534764166711909e+02
1.617534764166711909e+02
1.617534764166711909e+02
1.619106975955586165e+02
1.619106975955586165e+02
1.619106975955586165e+02
1.619893153883039361e+02
1.620654663336855208e+02
1.623025138379471457e+02
1.623025138379471457e+02
1.623058210678929925e+02
1.623058210678929925e+02
1.623058210678929925e+02
1.623058210678929925e+02
1.626035659744657380e+02
1.627966836560323713e+02
1.627966836560323713e+02
1.627966836560323713e+02
1.627966836560323713e+02
1.627966836560323713e+02
1.627966836560323713e+02
1.627966836560323713e+02
1.627966836560323713e+02
1.627966836560323713e+02
1.628344392315769937e+02
1.628344392315769937e+02
1.628344392315769937e+02
1.628344392315769937e+02
1.628344392315769937e+02
1.629570149851205940e+02
1.629608343758923468e+02
1.629756461271802550e+02
1.629957603077594115e+02
1.631520203983561430e+02
1.631827623699773824e+02
