5.832040849661750403e-01
1.145336203833833277e+00
1.628177143795399129e+00
2.172868088997410130e+00
2.853652905002267648e+00
3.068576461595339921e+00
3.705234283199735135e+00
3.958116940426215535e+00
4.775511165088463628e+00
5.263961499597909821e+00
5.558549653485614250e+00
5.912912786733882875e+00
6.946774204607947034e+00
7.377804009311704547e+00
7.987683760134110855e+00
8.482333612321326655e+00
8.960731337323593948e+00
9.735109873175536777e+00
1.023658517923066569e+01
1.091324500675895948e+01
1.163430006118564819e+01
1.221958707154765555e+01
1.305902136257483726e+01
1.374174174080243382e+01
1.426746950910237288e+01
1.471492246356720557e+01
1.500949246116117664e+01
1.554740070650411532e+01
1.609293423807265455e+01
1.668449718929058534e+01
1.732920088801259340e+01
1.772034192684985499e+01
1.854003154872700776e+01
1.916358999172446076e+01
1.960411062513887259e+01
1.995802033360097383e+01
2.035611064504204748e+01
2.095406133686857686e+01
2.149282015954668523e+01
2.189988021133065743e+01
2.234482981017931991e+01
2.279925066848184656e+01
2.352274924621467278e+01
2.398410714680731814e+01
2.462914652989083919e+01
2.555907026989093467e+01
2.582825826264448210e+01
2.662907888100413700e+01
2.699716136800043387e+01
2.723369678295342666e+01
2.763522922971154827e+01
2.830187729728987733e+01
2.918685488166235231e+01
2.991500470425739167e+01
3.056382969115264459e+01
3.156746495785427697e+01
3.208213992774559387e+01
3.317467064261723664e+01
3.368201804582484726e+01
3.413940931580356164e+01
3.498900650290592296e+01
3.538445623323116251e+01
3.547826512228540707e+01
3.612639084503944531e+01
3.677825504707200821e+01
3.724846251453536894e+01
3.743093024651300027e+01
3.799016025629734372e+01
3.849007188390024226e+01
3.893844582043194436e+01
3.921786507785014209e+01
4.007699354080315146e+01
4.101468713910919206e+01
4.164799696802757012e+01
4.176214588043064424e+01
4.253972910386874418e+01
4.307427160055873827e+01
4.348847374622270934e+01
4.382549267690893657e+01
4.446632530483103807e+01
4.495522779095910693e+01
4.542610215222349268e+01
4.591332695732924662e+01
4.618088266629367666e+01
4.672105142248045695e+01
4.711884937119378947e+01
4.788449160772690760e+01
4.877894072476529175e+01
4.915545425238561705e+01
4.952702561587393859e+01
4.971015802637421643e+01
5.042777424997416347e+01
5.099565692498973135e+01
5.157764990777939573e+01
5.187576305970554813e+01
5.211407453984951132e+01
5.245601337211506632e+01
5.273840668296828937e+01
5.312819534558532553e+01
5.356634565294664441e+01
5.389665616138132975e+01
5.427062134130091664e+01
5.498801459584377227e+01
5.551453516612136241e+01
5.606675556298960572e+01
5.640525922204137999e+01
5.661311188457313648e+01
5.706257311246549335e+01
5.792768234447247977e+01
5.836328397561243975e+01
5.889944975537132166e+01
5.948792119939214729e+01
6.018832823687112921e+01
6.091166344464998161e+01
6.127577674029987520e+01
6.176604266406833688e+01
6.239363170731927255e+01
6.309994345635971058e+01
6.368691624506628557e+01
6.398758411333120932e+01
6.457394746605831415e+01
6.473482597196490929e+01
6.534769056681834343e+01
6.576784963525066985e+01
6.641092914188647001e+01
6.703307200099507668e+01
6.746380021512347014e+01
6.757922632559494502e+01
6.805437131562867137e+01
6.847558040914269384e+01
6.891561685387966918e+01
6.934573387789104970e+01
6.973523248547023456e+01
7.013482966740926372e+01
7.043019684676545467e+01
7.043019684676545467e+01
7.113180512266659150e+01
7.159671413195951573e+01
7.190515194937884758e+01
7.244871017206162378e+01
7.303155250239827012e+01
7.321854979612176351e+01
7.366228488149300802e+01
7.408735137221388811e+01
7.455529402113711512e+01
7.469736043873318465e+01
7.481825458762135383e+01
7.488875015979253646e+01
7.501413397567924335e+01
7.525906779715951700e+01
7.577678133424016949e+01
7.616183944701931807e+01
7.670352176288963619e+01
7.684180695873554612e+01
7.735314328044749743e+01
7.739573150758835141e+01
7.785964106738175872e+01
7.807134836946272571e+01
7.878851422994652864e+01
7.927197238714973082e+01
7.949300191866539933e+01
7.981103230770519019e+01
8.007206264361296633e+01
8.016483364297180003e+01
8.017165980818286641e+01
8.053317999920089676e+01
8.118338874116922455e+01
8.151524337853273039e+01
8.174541025725756072e+01
8.221180506594529902e+01
8.318283931736209524e+01
8.332301677947680218e+01
8.376604569925248711e+01
8.376604569925248711e+01
8.376604569925248711e+01
8.399671374484587716e+01
8.426093608006657121e+01
8.426093608006657121e+01
8.490624355097855869e+01
8.517680804550754203e+01
8.517680804550754203e+01
8.528351828728386863e+01
8.537767503326780627e+01
8.595442377712583948e+01
8.606184601780192622e+01
8.670816780622506315e+01
8.717687337309385498e+01
8.717687337309385498e+01
8.740851603857325358e+01
8.786066821867622423e+01
8.822546654728377291e+01
8.863237674146579081e+01
8.924617918952624507e+01
8.975237435316644508e+01
8.975237435316644508e+01
9.029792586437045543e+01
9.094742713734156325e+01
9.128640734443014537e+01
9.171577479119430620e+01
9.186357475601118949e+01
9.189689149638304855e+01
9.224126509147632191e+01
9.248610295849016438e+01
9.267235012612928813e+01
9.350890801013238729e+01
9.412214856193632784e+01
9.438840005819156431e+01
9.483695439723052800e+01
9.534343834076760515e+01
9.584385984409448156e+01
9.629988419228500618e+01
9.691703986067186349e+01
9.701635576507732139e+01
9.736019310305820795e+01
9.747343067047326315e+01
9.795717926982267443e+01
9.832518406550144618e+01
9.845384728715788469e+01
9.895591934340156115e+01
9.933396292144780659e+01
9.988341173547155449e+01
1.004894046867080846e+02
1.010483946668887967e+02
1.013661423468010696e+02
1.020521787500159689e+02
1.023051141632852818e+02
1.026148930363975751e+02
1.028444042323033756e+02
1.031025631804356948e+02
1.036683051670399749e+02
1.037342407402233562e+02
1.043460469043631491e+02
1.046981909047786985e+02
1.051414203943295718e+02
1.054487817572791215e+02
1.055300716056810444e+02
1.060852186173437417e+02
1.061111547327951996e+02
1.063338405651157927e+02
1.066391768156991446e+02
1.068850642924233654e+02
1.070172403717700575e+02
1.070172403717700575e+02
1.070292654021711201e+02
1.074078909691095447e+02
1.077893592388940789e+02
1.080974160326121591e+02
1.080974160326121591e+02
1.086596094833409438e+02
1.094364759805604024e+02
1.097070649953357275e+02
1.102473671195594989e+02
1.106024114096304345e+02
1.108321296827488993e+02
1.111399436499179387e+02
1.113027401028619323e+02
1.119033247691673836e+02
1.123380605867864688e+02
1.128619673567457085e+02
1.132569529758321352e+02
1.132569529758321352e+02
1.134381540943457054e+02
1.134381540943457054e+02
1.135917171235670651e+02
1.136541631450230767e+02
1.141291127398398970e+02
1.145667942618979112e+02
1.148880825541391317e+02
1.150916558620493788e+02
1.151719527297352101e+02
1.153192434611045343e+02
1.156477698995589094e+02
1.156477698995589094e+02
1.159754638852676294e+02
1.161904696508943431e+02
1.163700099963209595e+02
1.163700099963209595e+02
1.167855119105593644e+02
1.169820449971419833e+02
1.171231956047136151e+02
1.174302850456876115e+02
1.175185460882966879e+02
1.178851916300244369e+02
1.182089342192456911e+02
1.182373558686672936e+02
1.187988338060339260e+02
1.194356686455650447e+02
1.198633983875485711e+02
1.202562469527440498e+02
1.206243506546844202e+02
1.209965915734731681e+02
1.210223342260526636e+02
1.214588903490546983e+02
1.216898778506490402e+02
1.219287016325307889e+02
1.221303986578734850e+02
1.224519339892374035e+02
1.225333203272596876e+02
1.230554420365227202e+02
1.230554420365227202e+02
1.231121446632463972e+02
1.232797378766735505e+02
1.233391909770842148e+02
1.233391909770842148e+02
1.234386618617324416e+02
1.234386618617324416e+02
1.234569132747709830e+02
1.237692296310860911e+02
1.237692296310860911e+02
1.238272913487280533e+02
1.239237521312153518e+02
1.242042935429116000e+02
1.244046236909282612e+02
1.247789389169576566e+02
1.247789389169576566e+02
1.252483359152696352e+02
1.255889955754286973e+02
1.259601932912552229e+02
1.262446311193358781e+02
1.262896264075087345e+02
1.265338454586986785e+02
1.265338454586986785e+02
1.265338454586986785e+02
1.265467288663440115e+02
1.265467288663440115e+02
1.269884549787473560e+02
1.271240988554274622e+02
1.273976806333885037e+02
1.275418322845040251e+02
1.276051241867475738e+02
1.276051241867475738e+02
1.278229137465083056e+02
1.279135084708287451e+02
1.280949405993049481e+02
1.281020847658849391e+02
1.281020847658849391e+02
1.284865541915313543e+02
1.284895732896873710e+02
1.285522243731841172e+02
1.285522243731841172e+02
1.288581783305518798e+02
1.288733844537380264e+02
1.289878169283531975e+02
1.289967759607568780e+02
1.293989269970314240e+02
1.295955578568430155e+02
1.299452122906067757e+02
1.300480289899302591e+02
1.301422941249711869e+02
1.302253577371312758e+02
1.305498694445433898e+02
1.306896940340122057e+02
1.306896940340122057e+02
1.308703620974835644e+02
1.312020899315682811e+02
1.312020899315682811e+02
1.312053603331665954e+02
1.313424345349361886e+02
1.313720996283902025e+02
1.316922159223675237e+02
1.316922159223675237e+02
1.319848678439871890e+02
1.319848678439871890e+02
1.319848678439871890e+02
1.321865621369911139e+02
1.321865621369911139e+02
1.321865621369911139e+02
1.321865621369911139e+02
1.321865621369911139e+02
1.321865621369911139e+02
1.322939546706095655e+02
1.322939546706095655e+02
1.322939546706095655e+02
1.323744785680332541e+02
1.323744785680332541e+02
1.324311577053788369e+02
1.325069151213361636e+02
1.325069151213361636e+02
1.329297790154388963e+02
1.329297790154388963e+02
1.329297790154388963e+02
1.329297790154388963e+02
1.329297790154388963e+02
1.331737398713968901e+02
1.333215586907844852e+02
1.334451839521746308e+02
1.334451839521746308e+02
1.335898657608705662e+02
1.335898657608705662e+02
1.335898657608705662e+02
1.337827575668607381e+02
1.341213707005278479e+02
1.343267557735552202e+02
1.345755902111671389e+02
1.345755902111671389e+02
1.345755902111671389e+02
1.348575957163420469e+02
1.348575957163420469e+02
1.351449704702606311e+02
1.351449704702606311e+02
1.355027506251378497e+02
1.359642353367547400e+02
1.359642353367547400e+02
1.359642353367547400e+02
1.362568871589328694e+02
1.364437781096062565e+02
1.364437781096062565e+02
1.366319284033961594e+02
1.366319284033961594e+02
1.368405356825765296e+02
1.373388575111824537e+02
1.376816503796051734e+02
1.376816503796051734e+02
1.377802938493092313e+02
1.381245741168444283e+02
1.381245741168444283e+02
1.387802544810010374e+02
1.388392800722307641e+02
1.389945607919567294e+02
1.391130343520099473e+02
1.392866349268864781e+02
1.396983968235847442e+02
1.402105059491307770e+02
1.406236429102482077e+02
1.406510661046619362e+02
1.412979287488960551e+02
1.413550532117927219e+02
1.416456927401558801e+02
1.417955085167635332e+02
1.420640090442428516e+02
1.422833939078260812e+02
1.423102422743442901e+02
1.425205164465722305e+02
1.427391997163473718e+02
1.427713324907953449e+02
1.430804043614326702e+02
1.431093324451207422e+02
1.431093324451207422e+02
1.434032840119774050e+02
1.436956903505300716e+02
1.438214576768442328e+02
1.439038197277099300e+02
1.441116052326947283e+02
1.444733580591243651e+02
1.448234936575300651e+02
1.448234936575300651e+02
1.448234936575300651e+02
1.448360973395404301e+02
1.448999452597184643e+02
1.452295218468174198e+02
1.452295218468174198e+02
1.456669481948962641e+02
1.460263189496170924e+02
1.464669876734708112e+02
1.464669876734708112e+02
1.464669876734708112e+02
1.469131959631415612e+02
1.471703206257386967e+02
1.471703206257386967e+02
1.475182748964143116e+02
1.478297798241087264e+02
1.478514787730552769e+02
1.479135429487919566e+02
1.479596033488236912e+02
1.479596033488236912e+02
1.479963096170588130e+02
1.481149578887854261e+02
1.483765593935696643e+02
1.485485804228619884e+02
1.488269638832028079e+02
1.489701963273384706e+02
1.489701963273384706e+02
1.496402838613386450e+02
1.499222574881443109e+02
1.500677911324529532e+02
1.500986078965835873e+02
1.504421219690065925e+02
1.504421219690065925e+02
1.508496678620327884e+02
1.511054016088764911e+02
1.512169682196890790e+02
1.514045642324991832e+02
1.515760993933034797e+02
1.520342173720249264e+02
1.522977532819966200e+02
1.522977532819966200e+02
1.526172571069050719e+02
1.530354352255289427e+02
1.530354352255289427e+02
1.530354352255289427e+02
1.531589141483687229e+02
1.538394277423273309e+02
1.541763973645111605e+02
1.542088257973732084e+02
1.542088257973732084e+02
1.545979374445356598e+02
1.547387119389697148e+02
1.547387119389697148e+02
1.547387119389697148e+02
1.549073196082613322e+02
1.549073196082613322e+02
1.552917191774239711e+02
1.552917191774239711e+02
1.552917191774239711e+02
1.552917191774239711e+02
1.552917191774239711e+02
1.553445238165270155e+02
1.553696650188371109e+02
1.553696650188371109e+02
1.553696650188371109e+02
1.553787744298947757e+02
1.556971479917347665e+02
1.560295492144350646e+02
1.560295492144350646e+02
1.561967474728348009e+02
1.566164187924638327e+02
1.567165112858895952e+02
1.567165112858895952e+02
1.567165112858895952e+02
1.572790519170115431e+02
1.572790519170115431e+02
1.572790519170115431e+02
1.573509804682598485e+02
1.573509804682598485e+02
1.573509804682598485e+02
1.575105225898391836e+02
1.575105225898391836e+02
1.579135686071954581e+02
1.579135686071954581e+02
1.580293360550222417e+02
1.582783466007387858e+02
1.583933257029136144e+02
1.583933257029136144e+02
1.583933257029136144e+02
1.584655617043683549e+02
1.585001812882289869e+02
1.585001812882289869e+02
1.585847181272843898e+02
1.586246734588045513e+02
1.588425413726670001e+02
1.588512680504866523e+02
1.588512680504866523e+02
1.588864884738926833e+02
1.591479544299029385e+02
1.591479544299029385e+02
1.594621772855530537e+02
1.594621772855530537e+02
1.597477219618893400e+02
1.598707007048597859e+02
1.599727456673204244e+02
1.601343208778432938e+02
1.601343208778432938e+02
1.602273676411433030e+02
1.604955522413466156e+02
1.604955522413466156e+02
1.607303291758201453e+02
1.608267261705188105e+02
1.608267261705188105e+02
1.610457624780848676e+02
1.610457624780848676e+02
1.612455416400603099e+02
1.613216125424519021e+02
1.613216125424519021e+02
1.614063222360408076e+02
1.614063222360408076e+02
1.615659655128688712e+02
1.615659655128688712e+02
1.617637189547785397e+02
1.621595352311894658e+02
1.621766370658500307e+02
1.621766370658500307e+02
1.623392048610250811e+02
1.623392048610250811e+02
1.624140490758678652e+02
1.624140490758678652e+02
1.624373169687168854e+02
1.624373169687168854e+02
1.626939264023365581e+02
1.626939264023365581e+02
1.627345291083721861e+02
1.627345291083721861e+02
1.627345291083721861e+02
1.627492505711786350e+02
1.628760391431846983e+02
1.629679299727994248e+02
1.629679299727994248e+02
1.630041395841473957e+02
1.630041395841473957e+02
1.630041395841473957e+02
1.630041395841473957e+02
1.631606951358657227e+02
1.633715212300058113e+02
1.634479813849126515e+02
1.635750388339217523e+02
1.638927517920793662e+02
1.639924665532243466e+02
1.641251266549006402e+02
1.641251266549006402e+02
1.644361538812497088e+02
1.644361538812497088e+02
1.644361538812497088e+02
1.644361538812497088e+02
1.644361538812497088e+02
1.644361538812497088e+02
1.647372469410861697e+02
1.647372469410861697e+02
1.647384297876284052e+02
1.647384297876284052e+02
1.647384297876284052e+02
1.647384297876284052e+02
1.649347179076277712e+02
1.650416174653439896e+02
1.650713678713528907e+02
1.655749964624020834e+02
1.656769138888702173e+02
1.659135609087392993e+02
1.662426431733399568e+02
1.664352217236292404e+02
1.664352217236292404e+02
1.666904876353460452e+02
1.666904876353460452e+02
1.667501685974249312e+02
1.668596779424748888e+02
1.668596779424748888e+02
1.670126311806075705e+02
1.670592570934107641e+02
1.670592570934107641e+02
1.673496019313191141e+02
1.675531069207156349e+02
1.676950748967895777e+02
1.677813440259604363e+02
1.677813440259604363e+02
1.678914411884908873e+02
1.681552170447540959e+02
1.683569167073834478e+02
1.683569167073834478e+02
1.686723226228951376e+02
1.688059418680232966e+02
1.688059418680232966e+02
1.691343106534194476e+02
1.691343106534194476e+02
1.691343106534194476e+02
1.691343106534194476e+02
1.691343106534194476e+02
1.691456946197755826e+02
1.691456946197755826e+02
1.691456946197755826e+02
1.691753901436557328e+02
1.691813879981366142e+02
1.691860493188283954e+02
1.693354449914095596e+02
1.693354449914095596e+02
1.693354449914095596e+02
1.693354449914095596e+02
1.693354449914095596e+02
1.696233080988674544e+02
1.697551408414244634e+02
1.698641435929468173e+02
1.698641435929468173e+02
1.698641435929468173e+02
1.698641435929468173e+02
1.698641435929468173e+02
1.699704244853600983e+02
1.699704244853600983e+02
1.700446324782740533e+02
1.701207698097665570e+02
1.705399859472862261e+02
1.705399859472862261e+02
1.708129497556177512e+02
1.708129497556177512e+02
1.711344231495055226e+02
1.715017981200354882e+02
1.715540914981764047e+02
1.718788120003846132e+02
1.718788120003846132e+02
1.719475452697129469e+02
1.722261443260915428e+02
1.722261443260915428e+02
1.727222209141215785e+02
1.728380969947261008e+02
1.729936052687177721e+02
1.729936052687177721e+02
1.731823325814598036e+02
1.733648243019175084e+02
1.733648243019175084e+02
1.735354023633003635e+02
1.735354023633003635e+02
1.735354023633003635e+02
1.738582088098892200e+02
1.738687996856986899e+02
1.738785074582620780e+02
1.743102020036322131e+02
1.744148534324170328e+02
1.745854359075318882e+02
1.745854359075318882e+02
1.745854359075318882e+02
1.745854359075318882e+02
1.745854359075318882e+02
1.745854359075318882e+02
1.745854359075318882e+02
1.748209972382275907e+02
1.748471796757700076e+02
1.748479177355042680e+02
1.749069909629072868e+02
1.749215390150887970e+02
1.751082281086447949e+02
1.751082281086447949e+02
1.751931959281972411e+02
1.751931959281972411e+02
1.755845858931648138e+02
1.755845858931648138e+02
1.756996180362334030e+02
1.762545293859888602e+02
1.763172496603258139e+02
1.763172496603258139e+02
1.765598524733840975e+02
1.765714139369940483e+02
1.765714139369940483e+02
1.765714139369940483e+02
1.770815728801048294e+02
1.770815728801048294e+02
1.773047006311475116e+02
1.773047006311475116e+02
1.778103762012950710e+02
1.778103762012950710e+02
1.781271920014697230e+02
1.782641272094820408e+02
1.783976847820777039e+02
1.785506620943856149e+02
1.786196917449303498e+02
1.786829381901201259e+02
1.786829381901201259e+02
1.786829381901201259e+02
1.786829381901201259e+02
1.788414325243561791e+02
1.790484655646916110e+02
1.790484655646916110e+02
1.793710060028726048e+02
1.793710060028726048e+02
1.796232508403600434e+02
1.798641219010387147e+02
1.799795734052475211e+02
1.799795734052475211e+02
1.801992347383446145e+02
1.804797762406082029e+02
1.804797762406082029e+02
1.806389697206531082e+02
1.806389697206531082e+02
1.806389697206531082e+02
1.809216855248122613e+02
1.809552098335669825e+02
1.812325117943950659e+02
1.812325117943950659e+02
1.812325117943950659e+02
1.813264723069433728e+02
1.813898037074229705e+02
1.813898037074229705e+02
1.818392000584896095e+02
1.818392000584896095e+02
1.820971591715835700e+02
1.820971591715835700e+02
1.820971591715835700e+02
1.820971591715835700e+02
1.820971591715835700e+02
1.820971591715835700e+02
1.825009427229575465e+02
1.825009427229575465e+02
1.825110423016615471e+02
1.825110423016615471e+02
1.825110423016615471e+02
1.825110423016615471e+02
1.825965593715143882e+02
1.825965593715143882e+02
1.825965593715143882e+02
1.826108788076468841e+02
1.827270976890832799e+02
1.828569287890995554e+02
1.829342317005881569e+02
1.829342317005881569e+02
1.829342317005881569e+02
1.829342317005881569e+02
1.830255543223177881e+02
1.831802616877679384e+02
1.831831981080687228e+02
1.831831981080687228e+02
1.836467577706127940e+02
1.838609039893640897e+02
1.838609039893640897e+02
1.838609039893640897e+02
1.838609039893640897e+02
1.840780410128260769e+02
1.841125243317906381e+02
1.841137569789288193e+02
1.841860052438118771e+02
1.844228055795528576e+02
1.844234987181863801e+02
1.845094549049445334e+02
1.845094549049445334e+02
1.849140953544882962e+02
1.852926928565535718e+02
1.852926928565535718e+02
1.852926928565535718e+02
1.852926928565535718e+02
1.854148014126129738e+02
1.854148014126129738e+02
1.856606658077583916e+02
1.858632080133726845e+02
1.858632080133726845e+02
1.859767717098694675e+02
1.862830634727863526e+02
1.864770991474970288e+02
1.865089316184548807e+02
1.865526210412735395e+02
1.866477732788387982e+02
1.866477732788387982e+02
1.866887473150651999e+02
1.866887473150651999e+02
1.868010093630297774e+02
1.868010093630297774e+02
1.868010093630297774e+02
1.868010093630297774e+02
1.868010093630297774e+02
1.868010093630297774e+02
1.868010093630297774e+02
1.868010093630297774e+02
1.871026405302383182e+02
1.874385824443535000e+02
1.875760386773458208e+02
1.877676819838096947e+02
1.880694960130531683e+02
1.881022138334590181e+02
1.883433575003610372e+02
1.884255511368401699e+02
1.886778825376097757e+02
1.888137348299131872e+02
1.888901738839285827e+02
1.889287746119336475e+02
1.889287746119336475e+02
1.889287746119336475e+02
1.889973361990032004e+02
1.890323453691544273e+02
1.890323453691544273e+02
1.890323453691544273e+02
1.892767756140449933e+02
1.892767756140449933e+02
1.892767756140449933e+02
1.892767756140449933e+02
1.892767756140449933e+02
1.893862653272192631e+02
1.893862653272192631e+02
1.896323709421321269e+02
1.899531988433590186e+02
1.901363294880260923e+02
1.904176556097215780e+02
1.906947733338344904e+02
1.906947733338344904e+02
1.909970111074934493e+02
1.909970111074934493e+02
1.912509062529588277e+02
1.913870566198861525e+02
1.913870566198861525e+02
1.915723581431151672e+02
1.915723581431151672e+02
1.916607737092762136e+02
1.916607737092762136e+02
1.918257640908813642e+02
1.919376051343268443e+02
1.919376051343268443e+02
1.920037863638503666e+02
1.920175073469868607e+02
1.920189012444221248e+02
1.922887946088029594e+02
1.925951677102576127e+02
1.925951677102576127e+02
1.925951677102576127e+02
1.929497160004647469e+02
1.931059991869783516e+02
1.931059991869783516e+02
1.931059991869783516e+02
1.931059991869783516e+02
1.931059991869783516e+02
1.932011915001172326e+02
1.934185854887430480e+02
1.934185854887430480e+02
1.935635722648073340e+02
1.936542415286645280e+02
1.936542415286645280e+02
1.936870963767848082e+02
1.936870963767848082e+02
1.938017767510912392e+02
1.938017767510912392e+02
1.938017767510912392e+02
1.938017767510912392e+02
1.940282673703569571e+02
1.941757557374228043e+02
1.941757557374228043e+02
1.941757557374228043e+02
1.941757557374228043e+02
1.941838994541021748e+02
1.942421287607407692e+02
1.942421287607407692e+02
1.942823524072733505e+02
1.943698963880255519e+02
1.945350768294055683e+02
1.947422688876216057e+02
1.948083107513242282e+02
1.948083107513242282e+02
1.948083107513242282e+02
1.948083107513242282e+02
1.948304069728339698e+02
1.948304069728339698e+02
1.949216183388061552e+02
1.950696637732522731e+02
1.950696637732522731e+02
1.950696637732522731e+02
1.950696637732522731e+02
1.953509412646737076e+02
1.955947984200909673e+02
1.955947984200909673e+02
1.956524587240353412e+02
1.956524587240353412e+02
1.956524587240353412e+02
1.956875338951079755e+02
1.958479736308791530e+02
1.958479736308791530e+02
1.961571724036921580e+02
1.963075803241681569e+02
1.963075803241681569e+02
1.964944756853540753e+02
1.967083890963478154e+02
1.967083890963478154e+02
1.970065304486610387e+02
1.972538780761221346e+02
1.972538780761221346e+02
1.974340902157137236e+02
1.978309345882925072e+02
1.978982610206368236e+02
1.978982610206368236e+02
1.980069259509953099e+02
1.984295440156883785e+02
1.984846781143698706e+02
1.988517658082078015e+02
1.989787062393880603e+02
1.989787062393880603e+02
1.992713364920922174e+02
1.995038693585203760e+02
1.995038693585203760e+02
1.995038693585203760e+02
1.995107299041978024e+02
1.995224862604699752e+02
1.997027738721821493e+02
1.997908619564013577e+02
1.998774466142481003e+02
1.999721538903475562e+02
1.999721538903475562e+02
1.999721538903475562e+02
2.001557748164278223e+02
2.004138595440519452e+02
2.007063872421114752e+02
2.007063872421114752e+02
2.008535663537725213e+02
2.008538895121894257e+02
2.011313304234101054e+02
2.011895725363193890e+02
2.011895725363193890e+02
2.011895725363193890e+02
2.011895725363193890e+02
2.012401659655142225e+02
2.014959083187231386e+02
2.015627689680300705e+02
2.018235032917269791e+02
2.018641324194001925e+02
2.021092087052300599e+02
2.021092087052300599e+02
2.021976648062324102e+02
2.023776847071739553e+02
2.023797613390678976e+02
2.027613667655388383e+02
2.029259821451881862e+02
2.030940903047726920e+02
2.032505069654785927e+02
2.035473538529598443e+02
2.035473538529598443e+02
2.035854960005437135e+02
2.038939812038955779e+02
2.040327335445698793e+02
2.040327335445698793e+02
2.043452798507424291e+02
2.045527649623377044e+02
2.045527649623377044e+02
2.045527649623377044e+02
2.049898272719155443e+02
2.051050009797151290e+02
2.051712288270641693e+02
2.052527406207373986e+02
2.052547695335874209e+02
2.052759609407130199e+02
2.055104386360359285e+02
2.056915609066516879e+02
2.056915609066516879e+02
