1.313595175248267743e-01
5.867319157615870084e-01
9.118898818057072919e-01
1.260884972198206722e+00
1.876539594082109019e+00
1.876539594082109019e+00
1.876539594082109019e+00
2.132927678782691849e+00
2.262112026696441625e+00
2.416796608009631697e+00
2.789460930406549632e+00
3.117445356298801595e+00
3.550520579656430975e+00
3.710326327260659252e+00
4.489708808209244673e+00
5.052796482190007765e+00
5.114833531027676017e+00
5.616840013966665879e+00
6.185277825663468398e+00
6.185277825663468398e+00
6.238334289251029396e+00
6.507111683298569815e+00
6.507111683298569815e+00
7.090394004313379739e+00
7.447740348089356033e+00
7.810584209369109132e+00
7.955187886594479174e+00
8.647339037374679904e+00
8.925017822749456542e+00
9.384216589060700997e+00
9.794478957115249074e+00
1.004386549460103240e+01
1.029872005348024544e+01
1.070622403783400856e+01
1.083928171643581173e+01
1.119977518575487174e+01
1.188881109355417465e+01
1.236656176939499474e+01
1.295719755696194575e+01
1.340369902633952393e+01
1.391772966136456091e+01
1.434363987573876287e+01
1.475930871655461196e+01
1.529475910816191053e+01
1.529475910816191053e+01
1.563074811216963234e+01
1.568985605607949552e+01
1.627773437137621215e+01
1.647892267715145564e+01
1.687146958200619551e+01
1.762293146404166322e+01
1.810012439879830026e+01
1.845514309887791526e+01
1.860231207245754348e+01
1.889596256926151696e+01
1.921139215692527813e+01
1.935404569210602332e+01
1.949024656765595509e+01
1.960829141882834747e+01
2.014460085256878941e+01
2.050540613679385515e+01
2.123278009633877161e+01
2.123278009633877161e+01
2.180638708360013567e+01
2.195719784954761167e+01
2.206045196996692326e+01
2.210902511681100080e+01
2.218784047757207034e+01
2.302188807520197500e+01
2.340706836281785641e+01
2.340706836281785641e+01
2.402042465500766255e+01
2.426599826688898887e+01
2.454874571381781578e+01
2.466618884038999582e+01
2.494462302045927515e+01
2.530965844155941014e+01
2.559171230598380831e+01
2.584881959001523200e+01
2.605948038250863874e+01
2.636678310232210265e+01
2.700524595275628670e+01
2.725528506356282321e+01
2.760238115062501052e+01
2.764597862024139019e+01
2.803272765801903432e+01
2.844054627937178026e+01
2.859630061112271093e+01
2.859630061112271093e+01
2.913098485157597040e+01
2.974651863525090789e+01
3.047247298876849797e+01
3.072292426405343235e+01
3.103122208632113299e+01
3.149401332137254172e+01
3.151446660665355637e+01
3.192225886554432535e+01
3.206581470860878369e+01
3.288843203715076413e+01
3.305687891154425984e+01
3.318750160808754401e+01
3.342222444264660908e+01
3.342222444264660908e+01
3.386135314356582171e+01
3.396879358501706037e+01
3.407610398951862862e+01
3.424209221276012016e+01
3.436600466592736325e+01
3.437366588727823569e+01
3.456570833759050032e+01
3.470512882070015337e+01
3.470512882070015337e+01
3.482442419073062467e+01
3.520625319017079136e+01
3.550215712919914779e+01
3.564903743593256991e+01
3.564903743593256991e+01
3.592166607754637653e+01
3.611075967636170958e+01
3.611075967636170958e+01
3.625004910865988705e+01
3.665025479025236876e+01
3.690556974025608383e+01
3.697368951497272604e+01
3.697368951497272604e+01
3.726111661448547352e+01
3.743907376276070664e+01
3.743907376276070664e+01
3.783158077504466377e+01
3.831785398592207770e+01
3.856493676658042347e+01
3.856493676658042347e+01
3.856493676658042347e+01
3.856493676658042347e+01
3.856493676658042347e+01
3.858174602332530156e+01
3.858174602332530156e+01
3.874425069352609796e+01
3.874425069352609796e+01
3.874425069352609796e+01
3.874425069352609796e+01
3.882536320316850720e+01
3.882536320316850720e+01
3.895811638603234428e+01
3.905738454189566511e+01
3.905738454189566511e+01
3.905738454189566511e+01
3.916888152778310683e+01
3.916888152778310683e+01
3.935319595625597344e+01
3.939992895943888840e+01
3.939992895943888840e+01
3.939992895943888840e+01
3.939992895943888840e+01
3.940387419488365595e+01
3.944405782147970285e+01
3.953530740445573599e+01
3.966687235270858025e+01
3.973643440101476898e+01
3.973643440101476898e+01
3.973677486043641949e+01
3.989486921143168985e+01
3.989486921143168985e+01
3.994152533140174199e+01
3.994152533140174199e+01
3.994152533140174199e+01
3.994152533140174199e+01
3.994152533140174199e+01
3.994152533140174199e+01
4.032818088320642147e+01
4.032818088320642147e+01
4.059594969479773141e+01
4.059594969479773141e+01
4.061540252539113283e+01
4.061540252539113283e+01
4.061540252539113283e+01
4.061540252539113283e+01
4.075332339573727580e+01
4.075332339573727580e+01
4.078693918340805169e+01
4.088020115062969495e+01
4.090471957935691449e+01
4.098977636562965188e+01
4.112125411656892027e+01
4.115990308440751733e+01
4.130287863476243615e+01
4.138741373488359443e+01
4.138741373488359443e+01
4.138741373488359443e+01
4.143977004622215787e+01
4.144414180020842764e+01
4.159549337884333653e+01
4.159549337884333653e+01
4.177235003658002199e+01
4.177235003658002199e+01
4.195102751522507845e+01
4.208674543975785554e+01
4.208674543975785554e+01
4.208674543975785554e+01
4.208674543975785554e+01
4.213255798283455533e+01
4.228206027025620983e+01
4.231217294082137670e+01
4.231217294082137670e+01
4.231217294082137670e+01
4.256909361258530566e+01
4.256909361258530566e+01
4.256909361258530566e+01
4.256909361258530566e+01
4.256909361258530566e+01
4.256909361258530566e+01
4.256909361258530566e+01
4.256909361258530566e+01
4.260611817266148194e+01
4.269833174962795397e+01
4.295471330422214606e+01
4.306588355854248817e+01
4.306588355854248817e+01
4.311010592699657451e+01
4.311010592699657451e+01
4.311010592699657451e+01
4.338120655758094557e+01
4.364302739519968810e+01
4.364302739519968810e+01
4.364302739519968810e+01
4.374115799790987325e+01
4.387776250014864843e+01
4.387776250014864843e+01
4.400746018219376055e+01
4.400746018219376055e+01
4.400746018219376055e+01
4.407524772427719739e+01
4.407524772427719739e+01
4.407524772427719739e+01
4.407524772427719739e+01
4.407524772427719739e+01
4.407524772427719739e+01
4.407524772427719739e+01
4.407524772427719739e+01
4.409304291497545591e+01
4.409304291497545591e+01
4.426242312316130523e+01
4.426242312316130523e+01
4.426874946891005180e+01
4.426874946891005180e+01
4.433529920518924428e+01
4.449133177702320552e+01
4.462562429818483167e+01
4.479355035765602366e+01
4.479355035765602366e+01
4.479355035765602366e+01
4.479355035765602366e+01
4.479355035765602366e+01
4.479355035765602366e+01
4.479355035765602366e+01
4.479355035765602366e+01
4.479355035765602366e+01
4.479355035765602366e+01
4.479355035765602366e+01
4.486592377277544585e+01
4.486592377277544585e+01
4.487753250288024276e+01
4.489333338243211102e+01
4.526959532602461422e+01
4.534003367208440949e+01
4.542134593628554740e+01
4.560424165648316119e+01
4.560424165648316119e+01
4.600001810745931863e+01
4.629923855514174136e+01
4.653226006684919014e+01
4.653226006684919014e+01
4.653226006684919014e+01
4.653226006684919014e+01
4.663537232856405268e+01
4.663537232856405268e+01
4.663537232856405268e+01
4.669211390924370164e+01
4.669211390924370164e+01
4.669211390924370164e+01
4.671794409603932507e+01
4.671794409603932507e+01
4.671794409603932507e+01
4.671794409603932507e+01
4.671794409603932507e+01
4.692327539286929294e+01
4.692327539286929294e+01
4.711623932089965905e+01
4.724921719321859825e+01
4.724921719321859825e+01
4.735458382639853880e+01
4.740563994487578015e+01
4.743851814166451675e+01
4.744116588344817131e+01
4.744116588344817131e+01
4.744116588344817131e+01
4.744116588344817131e+01
4.744116588344817131e+01
4.752349640252726459e+01
4.752349640252726459e+01
4.752349640252726459e+01
4.755481703973207175e+01
4.768106019606883450e+01
4.768106019606883450e+01
4.780818081686742715e+01
4.781243225585063783e+01
4.789735248967297565e+01
4.807176539465864096e+01
4.807176539465864096e+01
4.827376172165608637e+01
4.827376172165608637e+01
4.827376172165608637e+01
4.832301734947306926e+01
4.857146663571301559e+01
4.857146663571301559e+01
4.872571241224211036e+01
4.903373757929596621e+01
4.903373757929596621e+01
4.915685557567012154e+01
4.921246971655499181e+01
4.950500358089867348e+01
4.950500358089867348e+01
4.950500358089867348e+01
4.950500358089867348e+01
4.950500358089867348e+01
4.950500358089867348e+01
4.951719055461513364e+01
4.976058965929016153e+01
4.976058965929016153e+01
4.997876060218244021e+01
4.997876060218244021e+01
4.997876060218244021e+01
4.997876060218244021e+01
5.015209854891610775e+01
5.015209854891610775e+01
5.015209854891610775e+01
5.015209854891610775e+01
5.017838170122050911e+01
5.017838170122050911e+01
5.017838170122050911e+01
5.021315509474362671e+01
5.021315509474362671e+01
5.021315509474362671e+01
5.021315509474362671e+01
5.034902897530331245e+01
5.040650318065979718e+01
5.040650318065979718e+01
5.040650318065979718e+01
5.040650318065979718e+01
5.053217703196106925e+01
5.053217703196106925e+01
5.065577911284404422e+01
5.065577911284404422e+01
5.065577911284404422e+01
5.079111940617990228e+01
5.079111940617990228e+01
5.079111940617990228e+01
5.081641098152117308e+01
5.090183361366121773e+01
5.106297446023406650e+01
5.117802107732610040e+01
5.117802107732610040e+01
5.122330556942652180e+01
5.122330556942652180e+01
5.126197194445370542e+01
5.144488470597473651e+01
5.154683505333184712e+01
5.154683505333184712e+01
5.154683505333184712e+01
5.154683505333184712e+01
5.160387758018602966e+01
5.160387758018602966e+01
5.171707491512199084e+01
5.171707491512199084e+01
5.171707491512199084e+01
5.171707491512199084e+01
5.171707491512199084e+01
5.171707491512199084e+01
5.177992297102277064e+01
5.181144482686728736e+01
5.191410288553912977e+01
5.199103508011424424e+01
5.216787626002588496e+01
5.216787626002588496e+01
5.239267082083669180e+01
5.245892645434857116e+01
5.259283248780496933e+01
5.281873566343264770e+01
5.281873566343264770e+01
5.281873566343264770e+01
5.281873566343264770e+01
5.281873566343264770e+01
5.284102650516570776e+01
5.285257020245211379e+01
5.290935468316403245e+01
5.294304609711041110e+01
5.294304609711041110e+01
5.313503559792670927e+01
5.313503559792670927e+01
5.313503559792670927e+01
5.313503559792670927e+01
5.313503559792670927e+01
5.313503559792670927e+01
5.313503559792670927e+01
5.313503559792670927e+01
5.340743347920287221e+01
5.358819002815118182e+01
5.373614481941186938e+01
5.375454334763593067e+01
5.394234354477307392e+01
5.394234354477307392e+01
5.394234354477307392e+01
5.396814109815858984e+01
5.399233386744140972e+01
5.399233386744140972e+01
5.436800507749411082e+01
5.456979777470407811e+01
5.475748792451469171e+01
5.482907809673805133e+01
5.482907809673805133e+01
5.482907809673805133e+01
5.482907809673805133e+01
5.493127761814987053e+01
5.493127761814987053e+01
5.493127761814987053e+01
5.496568353590832601e+01
5.501614822654377690e+01
5.502729483476059613e+01
5.505993496533208997e+01
5.537210465321202690e+01
5.550657268560321711e+01
5.593980400535978248e+01
5.593980400535978248e+01
5.593980400535978248e+01
5.593980400535978248e+01
5.606373942828055590e+01
5.606373942828055590e+01
5.613345310715898506e+01
5.626692921109257384e+01
5.634088862179891777e+01
5.634088862179891777e+01
5.634088862179891777e+01
5.634088862179891777e+01
5.661598130778085647e+01
5.677097871846321908e+01
5.677097871846321908e+01
5.691585291061803531e+01
5.730876411391791692e+01
5.730876411391791692e+01
5.732754489598292480e+01
5.742850601879976580e+01
5.742850601879976580e+01
5.761477414742872583e+01
5.778584421671300930e+01
5.809371345235503270e+01
5.810026595356349333e+01
5.810026595356349333e+01
5.810026595356349333e+01
5.816089485132353332e+01
5.831094964967950744e+01
5.831094964967950744e+01
5.854360303202055604e+01
5.862571454017286499e+01
5.863073891547179528e+01
5.863073891547179528e+01
5.863073891547179528e+01
5.866002839443429195e+01
5.866002839443429195e+01
5.866002839443429195e+01
5.866002839443429195e+01
5.874414025606511558e+01
5.874414025606511558e+01
5.889866666875757772e+01
5.889866666875757772e+01
5.903857784981533285e+01
5.920105002986817055e+01
5.920105002986817055e+01
5.920105002986817055e+01
5.940510734914240487e+01
5.940970340669214522e+01
5.940970340669214522e+01
5.940970340669214522e+01
5.967184066452399094e+01
5.967184066452399094e+01
5.977662912582866284e+01
5.977662912582866284e+01
5.977662912582866284e+01
5.977662912582866284e+01
5.983037345282659203e+01
5.983037345282659203e+01
5.983037345282659203e+01
5.983037345282659203e+01
5.983037345282659203e+01
5.986466445646816226e+01
5.986466445646816226e+01
5.986466445646816226e+01
5.990219640245204147e+01
5.990219640245204147e+01
5.990599007042185065e+01
5.993332265647967461e+01
5.993332265647967461e+01
6.000426886006622595e+01
6.000426886006622595e+01
6.000426886006622595e+01
6.000426886006622595e+01
6.001840197699083035e+01
6.012057683174775491e+01
6.012057683174775491e+01
6.012057683174775491e+01
6.028133609845055929e+01
6.028133609845055929e+01
6.029601727480682882e+01
6.035928808266975665e+01
6.035928808266975665e+01
6.035928808266975665e+01
6.043685197301800827e+01
6.043685197301800827e+01
6.043685197301800827e+01
6.043685197301800827e+01
6.043685197301800827e+01
6.043685197301800827e+01
6.043685197301800827e+01
6.043685197301800827e+01
6.062170343183930044e+01
6.090400903841189262e+01
6.090400903841189262e+01
6.090400903841189262e+01
6.100593916301847486e+01
6.111054988310843328e+01
6.114167590010947606e+01
6.118387530966719368e+01
6.129264999698443717e+01
6.129264999698443717e+01
6.129264999698443717e+01
6.129909674271431896e+01
6.129909674271431896e+01
6.129909674271431896e+01
6.129909674271431896e+01
6.160740782504672808e+01
6.166750321605947960e+01
6.166750321605947960e+01
6.166750321605947960e+01
6.190212021560291333e+01
6.203692413021691721e+01
6.208383836987109561e+01
6.214714786445570383e+01
6.216023072817366568e+01
6.218561678604918797e+01
6.218561678604918797e+01
6.224720017437385167e+01
6.224720017437385167e+01
6.248298714101060369e+01
6.254609758990540058e+01
6.262010609536169170e+01
6.262010609536169170e+01
6.262010609536169170e+01
6.262010609536169170e+01
6.275058951203899937e+01
6.275058951203899937e+01
6.275058951203899937e+01
6.275058951203899937e+01
6.275058951203899937e+01
6.301332608835449633e+01
6.301332608835449633e+01
6.322068124166392522e+01
6.330371701407947427e+01
6.330371701407947427e+01
6.333913239967003506e+01
6.368765457551286602e+01
6.368765457551286602e+01
6.368765457551286602e+01
6.374331229141819222e+01
6.374331229141819222e+01
6.381059380693761796e+01
6.402948695525046219e+01
6.435464563680164929e+01
6.435464563680164929e+01
6.459882105838940447e+01
6.459882105838940447e+01
6.459882105838940447e+01
6.459882105838940447e+01
6.507290735592570741e+01
6.508284664055807411e+01
6.508284664055807411e+01
6.511117265561608747e+01
6.521893620135844571e+01
6.533583585157400364e+01
6.560651146371837683e+01
6.594797666536197767e+01
6.626228747111096595e+01
6.632143191678882488e+01
6.646047615781425577e+01
6.649984979108538141e+01
6.649984979108538141e+01
6.700565119607806253e+01
6.708517008562624540e+01
6.708517008562624540e+01
6.724572673144506041e+01
6.724772295434426894e+01
6.784461902972060443e+01
6.784461902972060443e+01
6.784461902972060443e+01
6.784461902972060443e+01
6.832673984439310289e+01
6.832673984439310289e+01
6.852240142369666387e+01
6.864350041773124644e+01
6.888430403508189670e+01
6.888430403508189670e+01
6.892594079012893360e+01
6.892594079012893360e+01
6.913641095187489327e+01
6.917898505042596469e+01
6.950891805190697426e+01
6.950891805190697426e+01
6.950891805190697426e+01
6.978723414728465002e+01
6.978723414728465002e+01
6.978723414728465002e+01
6.999574422669716967e+01
7.000095976075387227e+01
7.012539623589249516e+01
7.023354599935937870e+01
7.047488077774131909e+01
7.061787301670307215e+01
7.080129338384681148e+01
7.093566183118848301e+01
7.097713399766337261e+01
7.134968005490976850e+01
7.152200329761477349e+01
7.173717820687939195e+01
7.173717820687939195e+01
7.177384327488456961e+01
7.177494900287246082e+01
7.192646628270232156e+01
7.212761816299132533e+01
7.212761816299132533e+01
7.216122365837144059e+01
7.235780110660380160e+01
7.252162446671977136e+01
7.266805585380922139e+01
7.277477259546253663e+01
7.278945217947864421e+01
7.291598705603622932e+01
7.298947317843614258e+01
7.298947317843614258e+01
7.298947317843614258e+01
7.298947317843614258e+01
7.328574305305764369e+01
7.329149790490360772e+01
7.329149790490360772e+01
7.329149790490360772e+01
7.339299303392996876e+01
7.339299303392996876e+01
7.341926542893033059e+01
7.341926542893033059e+01
7.350225345813714739e+01
7.382738029554464276e+01
7.398897877013466484e+01
7.426107930951326352e+01
7.430429209528543311e+01
7.430429209528543311e+01
7.462899041296363123e+01
7.462899041296363123e+01
7.462899041296363123e+01
7.462899041296363123e+01
7.491793088025796976e+01
7.509152457010226556e+01
7.511033514398549471e+01
7.511033514398549471e+01
7.511033514398549471e+01
7.511033514398549471e+01
7.524336382695032910e+01
7.526143157281684637e+01
7.526143157281684637e+01
7.537000387879027130e+01
7.548752338858761846e+01
7.578971168766683775e+01
7.578971168766683775e+01
7.578971168766683775e+01
7.618491632671893399e+01
7.618491632671893399e+01
7.618491632671893399e+01
7.618491632671893399e+01
7.630278412993821746e+01
7.630278412993821746e+01
7.632398991264891208e+01
7.632398991264891208e+01
7.632398991264891208e+01
7.643548515566372714e+01
7.643548515566372714e+01
7.662845459801687298e+01
7.662845459801687298e+01
7.662845459801687298e+01
7.689552483387956272e+01
7.689552483387956272e+01
7.689552483387956272e+01
7.693476440674538708e+01
7.693476440674538708e+01
7.713043249416571712e+01
7.727098791664747068e+01
7.727098791664747068e+01
7.727098791664747068e+01
7.727098791664747068e+01
7.727098791664747068e+01
7.727098791664747068e+01
7.741457111858325391e+01
7.741457111858325391e+01
7.741457111858325391e+01
7.741457111858325391e+01
7.741457111858325391e+01
7.753701953340295461e+01
7.753701953340295461e+01
7.753701953340295461e+01
7.753701953340295461e+01
7.762315761586393137e+01
7.762315761586393137e+01
7.762315761586393137e+01
7.762315761586393137e+01
7.762315761586393137e+01
7.791295099860627715e+01
7.799017617336194519e+01
7.808813621929249393e+01
7.824799144728305578e+01
7.824799144728305578e+01
7.865440706862331410e+01
7.865440706862331410e+01
7.880629403712212877e+01
7.893739569125055766e+01
7.906169479696727365e+01
7.935445811902681612e+01
7.948065267062077055e+01
7.948065267062077055e+01
7.948065267062077055e+01
7.948219608376628287e+01
7.948219608376628287e+01
7.963852689948151919e+01
7.963852689948151919e+01
7.996049882908778272e+01
7.996049882908778272e+01
8.004390095045228293e+01
8.017031698551387819e+01
8.017031698551387819e+01
8.017031698551387819e+01
8.017031698551387819e+01
8.017031698551387819e+01
8.032957595307345855e+01
8.066715787916774616e+01
8.089796779785493186e+01
8.095003141294017723e+01
8.095003141294017723e+01
8.122688591011105075e+01
8.149091300835425500e+01
8.151415662742621748e+01
8.159246060165237679e+01
8.159246060165237679e+01
8.159246060165237679e+01
8.172717578765812618e+01
8.191850108139986730e+01
8.197209053928406775e+01
8.197209053928406775e+01
8.197209053928406775e+01
8.197209053928406775e+01
8.204592092094203792e+01
8.204592092094203792e+01
8.204592092094203792e+01
8.222703106203131540e+01
8.222703106203131540e+01
8.228272390822927207e+01
8.250513446111024507e+01
8.283988835466807643e+01
8.283988835466807643e+01
8.283988835466807643e+01
8.310658472056341850e+01
8.310658472056341850e+01
8.310658472056341850e+01
8.317764764132992639e+01
8.321687083336510682e+01
8.321687083336510682e+01
8.321687083336510682e+01
8.321687083336510682e+01
8.321687083336510682e+01
8.342009404832366215e+01
8.355259562316857114e+01
8.355259562316857114e+01
8.355831623094660188e+01
8.355831623094660188e+01
8.355831623094660188e+01
8.355831623094660188e+01
8.355831623094660188e+01
8.379052446156218537e+01
8.383531840778242383e+01
8.383531840778242383e+01
8.383531840778242383e+01
8.424185476546598750e+01
8.424185476546598750e+01
8.424185476546598750e+01
8.432422073706689503e+01
8.432422073706689503e+01
8.432422073706689503e+01
8.432422073706689503e+01
8.433297270788091282e+01
8.442907744670482373e+01
8.461544861026010267e+01
8.496883709202143109e+01
8.507166411926893090e+01
8.507166411926893090e+01
8.514074505963407091e+01
8.514074505963407091e+01
8.514074505963407091e+01
8.514074505963407091e+01
8.522553137600426965e+01
8.535216297670039864e+01
8.535216297670039864e+01
8.535216297670039864e+01
8.539559585000246500e+01
8.553736263667906314e+01
8.554087227635402257e+01
8.566542025623465406e+01
8.571782868650025478e+01
8.573016827860570288e+01
8.582170143307065757e+01
8.582170143307065757e+01
8.582170143307065757e+01
8.582170143307065757e+01
8.590827929774808069e+01
8.592862377608643953e+01
8.597221554312115188e+01
8.599275870370863117e+01
8.626057447441903037e+01
8.636378088097626460e+01
8.636378088097626460e+01
8.662874493601430004e+01
8.662874493601430004e+01
8.673748001958210807e+01
8.690934127548250387e+01
8.690934127548250387e+01
8.690934127548250387e+01
8.694217850725432584e+01
8.718439310322037272e+01
8.748707321610581289e+01
8.763599689972006956e+01
8.767962026328395098e+01
8.774065221759394717e+01
8.774065221759394717e+01
8.794883246386244480e+01
8.824022847901881050e+01
8.824022847901881050e+01
8.824022847901881050e+01
8.824022847901881050e+01
8.824840733340732868e+01
8.851612085960097431e+01
8.861302626302872909e+01
8.881649520853834190e+01
8.886450827466137525e+01
8.906424292480119220e+01
8.906424292480119220e+01
8.918401916119668726e+01
8.918401916119668726e+01
8.962451601536605494e+01
8.984879823825309586e+01
8.986144527456514197e+01
8.996124092420487273e+01
8.996124092420487273e+01
9.010589258791682710e+01
9.010589258791682710e+01
9.036886600920935564e+01
9.046238661675938886e+01
9.053884714832645386e+01
9.093602246341025364e+01
9.117788196604050199e+01
9.123913024421510443e+01
9.123913024421510443e+01
9.134061522882377915e+01
9.134061522882377915e+01
9.134061522882377915e+01
9.145854514520139844e+01
9.145854514520139844e+01
9.167799792273147830e+01
9.167799792273147830e+01
9.176727119939152999e+01
9.189173658114188470e+01
9.194147607321997384e+01
9.194147607321997384e+01
9.199201934553030924e+01
9.240544810051541447e+01
9.240544810051541447e+01
9.240544810051541447e+01
9.240544810051541447e+01
9.250377569891873009e+01
9.252556575987310339e+01
9.268908236193118455e+01
9.268908236193118455e+01
9.268908236193118455e+01
9.293054291807129630e+01
9.327676293189666978e+01
9.327676293189666978e+01
9.333324161714641320e+01
9.333324161714641320e+01
9.338240271762964539e+01
9.344284771525575195e+01
9.344284771525575195e+01
9.344284771525575195e+01
9.344416959666119737e+01
9.373928475752491352e+01
9.373928475752491352e+01
9.377132552826995493e+01
9.390638095891011972e+01
9.411730770333075213e+01
9.429326553938308564e+01
9.465082975663260356e+01
9.499979088814998818e+01
9.515319464546105621e+01
9.515319464546105621e+01
9.532180810346814326e+01
9.532180810346814326e+01
9.532180810346814326e+01
9.532426933065767116e+01
9.541954465426447030e+01
9.541954465426447030e+01
9.541954465426447030e+01
9.541954465426447030e+01
9.541954465426447030e+01
9.571152574967217674e+01
9.571152574967217674e+01
9.572833914484868956e+01
9.572833914484868956e+01
9.573405750244087642e+01
9.573405750244087642e+01
9.573405750244087642e+01
9.602011642046306861e+01
9.609113518400629061e+01
9.609113518400629061e+01
9.619000396493581206e+01
9.634293866786616434e+01
9.639098253078813627e+01
9.663053413102669253e+01
9.663053413102669253e+01
9.663053413102669253e+01
9.688951095227331223e+01
9.688951095227331223e+01
9.688951095227331223e+01
9.702200830415874577e+01
9.710421989604262194e+01
9.710421989604262194e+01
9.710421989604262194e+01
9.710421989604262194e+01
9.713502216169294456e+01
9.713502216169294456e+01
9.748012925537078388e+01
9.748012925537078388e+01
9.766666948465091025e+01
9.779407569525430688e+01
9.798594698579414342e+01
9.813341968336133903e+01
9.813341968336133903e+01
9.813341968336133903e+01
9.839465534254811985e+01
9.839465534254811985e+01
9.839465534254811985e+01
9.839465534254811985e+01
9.847603154441216589e+01
9.864516909800038036e+01
9.870734959865399105e+01
9.883568738584136781e+01
9.883568738584136781e+01
9.912575798696906304e+01
9.912575798696906304e+01
9.927413467481026998e+01
9.940059315766450254e+01
9.940059315766450254e+01
9.940059315766450254e+01
9.951356018158368499e+01
9.951356018158368499e+01
9.951356018158368499e+01
9.951356018158368499e+01
9.960677400748640764e+01
9.960677400748640764e+01
9.960677400748640764e+01
9.960677400748640764e+01
9.960677400748640764e+01
9.995459616627870503e+01
1.004535539723213873e+02
1.004922442401325782e+02
1.004922442401325782e+02
1.008693309874594632e+02
1.012574053292611325e+02
1.012674828027022897e+02
1.012925498641870661e+02
1.014398379592005313e+02
1.018907054650934896e+02
1.020983882126248545e+02
1.020983882126248545e+02
1.020983882126248545e+02
1.020983882126248545e+02
1.024358168949419365e+02
1.027254678867098079e+02
1.027254678867098079e+02
1.027254678867098079e+02
1.027254678867098079e+02
