5.853139606752548740e-01
1.100182315188119375e+00
1.497251242269525662e+00
1.796338643425841708e+00
2.234856016619878538e+00
2.336964618515910530e+00
2.853683271799043020e+00
3.283987405926053871e+00
3.850328398980719324e+00
4.168942116871663828e+00
4.862890675351416725e+00
5.757961972662957173e+00
6.069269324901571672e+00
6.250406993984611859e+00
6.707172031546105195e+00
6.957929406282275409e+00
7.541124516710571157e+00
7.927906588270367649e+00
7.961305570547558830e+00
8.602006475407739217e+00
8.947688563807160378e+00
9.537871805119351620e+00
1.014664487107147650e+01
1.049677077187793195e+01
1.077921931107960418e+01
1.154630009485143916e+01
1.163169858620053887e+01
1.203664298555116652e+01
1.213064456785789069e+01
1.219503469661297679e+01
1.266745431035393565e+01
1.279975702739929488e+01
1.287961316106929033e+01
1.311304952786973210e+01
1.365834486148973426e+01
1.401347337844339336e+01
1.465696887359028899e+01
1.520625662879316309e+01
1.527595382125768886e+01
1.553759595244098435e+01
1.553759595244098435e+01
1.584524085303462115e+01
1.637909922960314191e+01
1.641499477611218083e+01
1.695520695459695304e+01
1.741194118302410132e+01
1.804579124688619984e+01
1.854977883088828250e+01
1.898306333738884888e+01
1.965752039147108832e+01
2.045344779318408612e+01
2.114384647893818325e+01
2.152079079327629785e+01
2.213566000353975483e+01
2.306341978298707929e+01
2.383337251458833705e+01
2.443499569391979520e+01
2.496432923711676821e+01
2.550743095532274296e+01
2.581291797378077746e+01
2.634139577825315826e+01
2.708871523907484757e+01
2.778149411675624236e+01
2.825659672701039682e+01
2.888245427020299516e+01
2.944447966044218035e+01
3.004629029865613177e+01
3.034668296594324488e+01
3.078746594624658073e+01
3.146146181359028660e+01
3.184363697644369395e+01
3.235876175726495774e+01
3.285101251422006641e+01
3.327097457175011641e+01
3.357689000160107184e+01
3.378011314760960460e+01
3.384109587119889540e+01
3.426667304370332801e+01
3.432496724464375149e+01
3.463616296665153271e+01
3.521086670757308212e+01
3.572716515708461316e+01
3.605592996089435331e+01
3.676662899077449254e+01
3.727256491499356628e+01
3.757808279124937201e+01
3.793450102352129960e+01
3.837951044110476317e+01
3.871250036011964824e+01
3.871250036011964824e+01
3.903832891956285778e+01
3.935697157303659566e+01
3.981967617549974392e+01
4.030920014054731126e+01
4.090449107628938918e+01
4.136091910491318657e+01
4.159071015199759813e+01
4.207472081950800202e+01
4.229124338254914051e+01
4.268925570971072148e+01
4.324979475784447658e+01
4.342801172536384513e+01
4.382850122360696332e+01
4.452782224991949533e+01
4.477663469977565569e+01
4.524506555249011797e+01
4.572583051627564288e+01
4.646106405406338524e+01
4.646106405406338524e+01
4.711933254933958892e+01
4.740683334907254931e+01
4.749833998402312574e+01
4.793232021400838505e+01
4.793232021400838505e+01
4.799912815738277061e+01
4.856184777529671237e+01
4.929379848670166098e+01
4.962720570799321962e+01
5.009453131707834217e+01
5.054209033679834562e+01
5.095712529305361471e+01
5.095712529305361471e+01
5.140398297456230381e+01
5.225083535916242994e+01
5.227936092177597516e+01
5.283852863765331875e+01
5.294484705218143006e+01
5.313273748664549601e+01
5.354778426898727162e+01
5.371887294578323235e+01
5.386803003954999269e+01
5.472168690242383349e+01
5.473989664025935298e+01
5.492252589369527271e+01
5.492252589369527271e+01
5.539078968206823816e+01
5.556025966437920260e+01
5.556025966437920260e+01
5.606658895543780119e+01
5.615943316599350510e+01
5.644770449919538180e+01
5.676867780535700803e+01
5.694134857936559513e+01
5.724939210367674036e+01
5.748200396922779021e+01
5.770847049635104042e+01
5.822576309107449788e+01
5.867335173535062154e+01
5.940948223670854134e+01
6.014852048401371576e+01
6.039678586153746664e+01
6.054824286077182904e+01
6.103492637702852619e+01
6.147951954917051864e+01
6.149739313227710369e+01
6.189017245367752906e+01
6.222589414293735643e+01
6.251366269611053639e+01
6.289283277154243734e+01
6.336851576738034453e+01
6.393271503346399953e+01
6.449927982867905030e+01
6.517016698425734944e+01
6.560180357921944960e+01
6.576218318678080266e+01
6.586069468933567350e+01
6.626375215884583270e+01
6.672343778907419676e+01
6.701909645839209873e+01
6.753484783702245409e+01
6.785014733616839067e+01
6.823050801608006566e+01
6.852644033111684507e+01
6.882659531813101239e+01
6.898900514652525828e+01
6.946582677071026524e+01
7.011903935131488197e+01
7.070923673030505086e+01
7.077023711894923963e+01
7.166168403630291550e+01
7.248277053149932669e+01
7.263358526976645635e+01
7.271405160957513658e+01
7.308500554014298700e+01
7.361434885346220369e+01
7.381313065837198906e+01
7.419778102244410434e+01
7.419778102244410434e+01
7.472436537140278290e+01
7.498002590130187173e+01
7.518848416528634004e+01
7.543643516376634750e+01
7.623590046948866927e+01
7.651442289780005979e+01
7.692978179026604835e+01
7.713316952055785691e+01
7.719365929714378183e+01
7.770329515710501767e+01
7.780462926561465054e+01
7.814331475397614213e+01
7.834348231938376728e+01
7.864954285499240427e+01
7.916793498501233728e+01
7.972362564859459155e+01
7.978247236774738838e+01
7.999000840892588826e+01
8.004317608170751441e+01
8.044534812395374956e+01
8.078435765110025102e+01
8.122717678959678267e+01
8.205494768575522357e+01
8.259293152733052068e+01
8.327152647404805919e+01
8.402271786064501669e+01
8.479928558380952097e+01
8.536695280614102899e+01
8.581519894778669766e+01
8.608513440785085891e+01
8.663751046165315017e+01
8.689229952956122816e+01
8.749543908904296075e+01
8.834057190196351428e+01
8.868371583841958739e+01
8.903051004191949858e+01
8.926573072319224877e+01
8.953572966514229847e+01
8.991159422970552839e+01
9.043352719473730872e+01
9.099862308341502626e+01
9.188806287956660412e+01
9.225909551351509208e+01
9.283214161430268518e+01
9.335935461441781058e+01
9.396094760651318722e+01
9.474202404052302029e+01
9.538310366618291880e+01
9.599397212179367500e+01
9.646680997477714925e+01
9.646975781425777541e+01
9.687883856032416929e+01
9.711507472011312814e+01
9.771484809796801585e+01
9.793321258856292388e+01
9.810991838119569763e+01
9.898924290243108715e+01
9.964344842420214832e+01
1.000930642376046791e+02
1.007305139706966060e+02
1.009374171190185621e+02
1.012278316663392843e+02
1.015458691848797770e+02
1.019512945477380725e+02
1.022419694845419542e+02
1.027570749115494806e+02
1.028938496594167447e+02
1.029255706326539439e+02
1.033557748021412408e+02
1.037696313567388700e+02
1.043591170718241017e+02
1.046027485383640538e+02
1.051284540463782662e+02
1.054296927964976618e+02
1.059215291408002315e+02
1.062555689896222191e+02
1.068053872181251478e+02
1.071343833719468108e+02
1.072546320161388280e+02
1.077393335228795479e+02
1.085146789032306884e+02
1.089700135091035094e+02
1.094197340687070721e+02
1.096048317025451269e+02
1.098244254909643161e+02
1.104264871070688798e+02
1.106179710514089862e+02
1.110124948898358781e+02
1.114887221787996054e+02
1.118824729676280896e+02
1.122953678489388949e+02
1.126517214585169313e+02
1.128840805392616033e+02
1.137134936460495140e+02
1.139468004099934149e+02
1.142515250840652357e+02
1.142678695854836235e+02
1.144934707938169396e+02
1.148832763511737198e+02
1.151890938103088047e+02
1.156612503865852943e+02
1.159964976571298791e+02
1.164558163849264503e+02
1.165962901216581429e+02
1.168025173301973609e+02
1.173224575773924272e+02
1.177105131676878784e+02
1.178355919108511927e+02
1.184330764632600648e+02
1.187863563350499589e+02
1.192744837526835937e+02
1.199704383833409196e+02
1.199704383833409196e+02
1.206064384583340257e+02
1.211989135133673727e+02
1.214861196921975051e+02
1.218339319808032144e+02
1.220444300105220492e+02
1.226093501834828459e+02
1.231425584142801739e+02
1.235049416332444991e+02
1.239688982327478897e+02
1.242205303561151908e+02
1.244708806800043135e+02
1.246831101835232829e+02
1.247085307762283151e+02
1.249737246920005589e+02
1.250220307724740394e+02
1.253753681704292120e+02
1.256805551914804084e+02
1.258272327008880183e+02
1.259740915451697845e+02
1.268132774043214397e+02
1.271469452881894711e+02
1.276456478175844893e+02
1.279067023328629347e+02
1.281282949248649174e+02
1.283862009708128369e+02
1.286005911286082721e+02
1.288445555539758232e+02
1.292624526480650786e+02
1.297219778774679639e+02
1.302957815436753890e+02
1.306344340632676335e+02
1.306344340632676335e+02
1.312024431073350854e+02
1.312312917459016717e+02
1.315409102928540506e+02
1.316580353275564335e+02
1.316580353275564335e+02
1.321669933998236672e+02
1.323339563885151620e+02
1.329613121731272258e+02
1.337628230975700205e+02
1.339991014115774419e+02
1.342716139148290324e+02
1.345596995117365964e+02
1.350986614534128307e+02
1.353365810026620295e+02
1.354931653092710633e+02
1.356709072344347362e+02
1.358075873726693885e+02
1.359753500814936444e+02
1.361636959526506416e+02
1.368152272154947013e+02
1.370922850602936478e+02
1.370922850602936478e+02
1.372795986376324606e+02
1.372795986376324606e+02
1.377660269218449685e+02
1.380686649010886811e+02
1.380686649010886811e+02
1.382308978821134247e+02
1.383795101231183367e+02
1.387195812320950949e+02
1.387195812320950949e+02
1.388980943150233429e+02
1.394529262937720659e+02
1.396710480549301963e+02
1.397342336463971435e+02
1.398932663520047299e+02
1.404086981087043000e+02
1.406560509833111610e+02
1.408756540314310541e+02
1.408756540314310541e+02
1.412330891159269299e+02
1.418929141337702049e+02
1.421546583737491574e+02
1.424442927747227827e+02
1.426538288436887569e+02
1.430088781138270519e+02
1.434578157314791440e+02
1.439109150763842422e+02
1.441804252852462298e+02
1.445248880809706975e+02
1.447868992490937217e+02
1.454067135254791765e+02
1.454067135254791765e+02
1.454067135254791765e+02
1.457936478030422904e+02
1.458591360959592578e+02
1.462191525313727141e+02
1.462191525313727141e+02
1.463851273206653332e+02
1.463851273206653332e+02
1.467684224782330773e+02
1.467684224782330773e+02
1.470109377692166106e+02
1.470110340815810162e+02
1.475761573998690324e+02
1.477060082912112478e+02
1.479952985361034052e+02
1.481599056472421694e+02
1.487293238381478488e+02
1.489552095396542200e+02
1.494505161255414691e+02
1.500353413954806570e+02
1.504729311216434553e+02
1.508597197312213325e+02
1.512573429418405908e+02
1.518780872289104877e+02
1.522726586234900594e+02
1.525921847080350062e+02
1.529594980092248591e+02
1.537393685538020520e+02
1.538344870381903888e+02
1.543441192240547934e+02
1.547879813952476695e+02
1.549886678173003531e+02
1.552441764399076192e+02
1.554892081927136189e+02
1.555742926942421320e+02
1.556188221658408395e+02
1.558955566271325210e+02
1.562617688546559407e+02
1.566290917997042982e+02
1.567648486567424300e+02
1.569465476144488889e+02
1.569465476144488889e+02
1.573194097108095661e+02
1.582353724560109072e+02
1.584821114123498660e+02
1.588948022775287541e+02
1.589905111119933565e+02
1.592076757643324356e+02
1.592076757643324356e+02
1.594191500944043298e+02
1.596259110826697736e+02
1.599651519909757269e+02
1.602369511161287789e+02
1.603274884875019382e+02
1.603274884875019382e+02
1.605528216579907621e+02
1.606171668823029961e+02
1.608938033052114065e+02
1.611776356350299579e+02
1.613682910533215136e+02
1.614952099571364670e+02
1.617973463473960010e+02
1.618784695733416186e+02
1.618784695733416186e+02
1.622619089664802345e+02
1.626338624731309039e+02
1.628758598989062421e+02
1.632634074428081874e+02
1.638473890527878041e+02
1.642509920474943215e+02
1.647268848095551732e+02
1.647268848095551732e+02
1.652349853637001900e+02
1.652349853637001900e+02
1.653004686660933373e+02
1.658302589164356391e+02
1.661114545296162532e+02
1.663077254354086278e+02
1.664348012110489492e+02
1.667406857725196687e+02
1.669681283399850429e+02
1.673885577644448404e+02
1.675065909050229038e+02
1.682661554740058421e+02
1.684464811958993096e+02
1.694180249360555877e+02
1.699000832813631519e+02
1.701273685913096188e+02
1.701273685913096188e+02
1.704128922349040351e+02
1.708249226005489447e+02
1.710192042200163769e+02
1.715684673622662046e+02
1.715684673622662046e+02
1.717981162078702653e+02
1.723164163998503398e+02
1.726769606645010811e+02
1.730249499009783847e+02
1.733409687628952724e+02
1.737549779293667029e+02
1.742159164061135925e+02
1.742166845773498380e+02
1.746813961406660667e+02
1.751787560195134574e+02
1.758178317519427196e+02
1.758389125791001959e+02
1.759126036346825117e+02
1.759126036346825117e+02
1.761895399005372553e+02
1.767934093002199916e+02
1.767934093002199916e+02
1.767934093002199916e+02
1.772513326473835207e+02
1.778591233862801460e+02
1.780730680738456613e+02
1.783970890074459987e+02
1.788037966845802487e+02
1.790198877106184057e+02
1.791313816325013306e+02
1.791313816325013306e+02
1.794845835157527745e+02
1.798868691164747986e+02
1.800548199869210180e+02
1.801931317611202132e+02
1.802150432656493990e+02
1.804840535286955401e+02
1.810629023206602426e+02
1.814158214142490237e+02
1.818823283142355933e+02
1.822181555684238674e+02
1.822454606258465333e+02
1.826860970545823761e+02
1.828889956337982596e+02
1.833968523332203233e+02
1.838591293827708171e+02
1.840162487893562400e+02
1.844200243430927344e+02
1.844900542365602689e+02
1.849528392205261866e+02
1.850529413785025383e+02
1.856377379264951060e+02
1.860635038126237362e+02
1.860635038126237362e+02
1.865456562397762923e+02
1.865533316576004950e+02
1.867147235184758358e+02
1.868513861682306469e+02
1.871103726270789025e+02
1.873795549589953851e+02
1.875422385679376589e+02
1.878308113003861592e+02
1.886085952685500899e+02
1.889477794853163459e+02
1.889502431173327182e+02
1.892628554273341877e+02
1.895497039157662016e+02
1.898888851716909016e+02
1.901078460686608480e+02
1.906190444437264375e+02
1.909031430111471650e+02
1.913659484897536345e+02
1.921137459844086948e+02
1.926164121625165251e+02
1.932180892243840447e+02
1.934483085921894201e+02
1.934483085921894201e+02
1.942264264491230392e+02
1.948426545470673261e+02
1.958240380908788438e+02
1.960908193542214235e+02
1.963123277116061161e+02
1.963123277116061161e+02
1.969023718187838483e+02
1.971545590563373196e+02
1.977965551087774827e+02
1.978445401823934446e+02
1.981769759124107964e+02
1.982239290903360143e+02
1.983584409653259684e+02
1.983980942884755336e+02
1.989280047269967326e+02
1.994947279867367627e+02
1.996280964591792042e+02
1.998872622442296745e+02
2.002688459585646683e+02
2.006475647539138834e+02
2.010907911294539474e+02
2.014974375100623547e+02
2.014974375100623547e+02
2.015957300111806205e+02
2.018494310678822217e+02
2.019877515259731808e+02
2.019877515259731808e+02
2.023673887657573971e+02
2.027012255918712071e+02
2.028580023422419742e+02
2.030031507133589059e+02
2.033448825156037856e+02
2.033827347686444114e+02
2.035136756081135445e+02
2.040423080129164362e+02
2.042990276731457016e+02
2.047556927496405024e+02
2.049727131053891469e+02
2.052381487037904435e+02
2.052381487037904435e+02
2.055684018651433860e+02
2.057797102090572707e+02
2.059200604577983142e+02
2.062923022769601857e+02
2.063233416151487063e+02
2.063247191592422780e+02
2.064792291441640657e+02
2.066523292967132761e+02
2.068806497116480330e+02
2.070554417251439361e+02
2.070554417251439361e+02
2.070554417251439361e+02
2.074579206017512831e+02
2.078374201400383470e+02
2.082003721885023140e+02
2.083650576669495820e+02
2.085273717169054919e+02
2.085273717169054919e+02
2.088309719158294229e+02
2.094463971375986375e+02
2.098351734058661293e+02
2.100575751384213845e+02
2.101778878769495122e+02
2.105263997022087210e+02
2.108429991676707402e+02
2.108429991676707402e+02
2.113183617805641461e+02
2.113183617805641461e+02
2.115368492241453851e+02
2.115368492241453851e+02
2.119404989580770291e+02
2.122533608240011915e+02
2.124533307149290806e+02
2.128635346697357136e+02
2.128635346697357136e+02
2.128635346697357136e+02
2.135309726112541000e+02
2.138426018045904016e+02
2.140456449042852682e+02
2.140537294768477636e+02
2.141945451907143365e+02
2.143258442179731560e+02
2.145246615682376046e+02
2.145848185165750692e+02
2.150878233168581630e+02
2.154584609018962453e+02
2.154584609018962453e+02
2.155730539949655622e+02
2.155745634713656500e+02
2.159590682555318892e+02
2.160195257453248416e+02
2.163100779421665436e+02
2.163100779421665436e+02
2.165426094043511682e+02
2.166532281532020363e+02
2.170451774844172803e+02
2.174142859604841647e+02
2.174627289331199620e+02
2.174627289331199620e+02
2.177001366429150266e+02
2.182622284597042324e+02
2.182622284597042324e+02
2.182622284597042324e+02
2.183512987951094715e+02
2.183641746697065571e+02
2.183641746697065571e+02
2.190511298556392035e+02
2.190511298556392035e+02
2.191723242236686247e+02
2.192426911936598799e+02
2.193109867691463535e+02
2.200078720629797715e+02
2.200078720629797715e+02
2.203610767293872357e+02
2.203610767293872357e+02
2.203610767293872357e+02
2.206408295027484883e+02
2.206775432962442096e+02
2.209908459947334052e+02
2.212698869354986471e+02
2.215326696510859392e+02
2.216797349180432093e+02
2.220349184589317701e+02
2.223963001880650836e+02
2.226144806127570064e+02
2.228035547323279104e+02
2.230327139868274173e+02
2.230339405383010671e+02
2.231710098381660714e+02
2.233339105565544855e+02
2.233339105565544855e+02
2.235939273167028603e+02
2.235939273167028603e+02
2.237000331427917104e+02
2.237423712091462846e+02
2.237423712091462846e+02
2.238575490634662231e+02
2.241421848495129723e+02
2.241421848495129723e+02
2.244187249780302125e+02
2.247387077557017392e+02
2.248375055821351793e+02
2.249602574070089531e+02
2.249602574070089531e+02
2.250991629499254714e+02
2.257384482530516721e+02
2.261787852457575241e+02
2.264773174210963020e+02
2.264773174210963020e+02
2.266949295252143486e+02
2.266949295252143486e+02
2.267682968850155589e+02
2.268643001726933051e+02
2.272149044182828845e+02
2.273179412851148697e+02
2.273179412851148697e+02
2.273179412851148697e+02
2.275499202819370907e+02
2.275499202819370907e+02
2.275499202819370907e+02
2.275499202819370907e+02
2.277410599398310751e+02
2.277410599398310751e+02
2.277410599398310751e+02
2.279893244890399160e+02
2.280990871164514431e+02
2.282169932593972703e+02
2.282466794147931353e+02
2.282466794147931353e+02
2.282600305595707368e+02
2.284056429361275775e+02
2.286604220644093459e+02
2.286604220644093459e+02
2.289974353412413564e+02
2.291552868278730841e+02
2.291552868278730841e+02
2.292266183325547502e+02
2.292266183325547502e+02
2.292422049397243313e+02
2.292538849299628225e+02
2.293703942973257313e+02
2.293703942973257313e+02
2.299162201315622553e+02
2.299162201315622553e+02
2.300127525425478154e+02
2.300972456350239668e+02
2.300972456350239668e+02
2.300972456350239668e+02
2.303750405158046703e+02
2.304006673171982129e+02
2.304006673171982129e+02
2.304368472274011594e+02
2.307656062924540663e+02
2.313095207943829337e+02
2.313095207943829337e+02
2.316616690483847094e+02
2.316616690483847094e+02
2.320519368410793959e+02
2.323633533884936924e+02
2.323633533884936924e+02
2.325484616684458672e+02
2.325484616684458672e+02
2.330075528911330025e+02
2.333953081755512358e+02
2.333953081755512358e+02
2.336116698484879350e+02
2.336372496988839771e+02
2.336372496988839771e+02
2.337190839116139784e+02
2.339206443385193950e+02
2.339206443385193950e+02
2.339206443385193950e+02
2.339206443385193950e+02
2.339206443385193950e+02
2.340130644864019018e+02
2.342067069677951849e+02
2.342067069677951849e+02
2.342176109472361247e+02
2.342680459444322594e+02
2.342680459444322594e+02
2.342680459444322594e+02
2.345723239232801802e+02
2.346481449951815819e+02
2.346481449951815819e+02
2.347728148570234339e+02
2.349594680730844800e+02
2.349644639717677990e+02
2.349644639717677990e+02
2.352114573035929368e+02
2.353944844943774228e+02
2.354031193552740149e+02
2.354031193552740149e+02
2.356026153265689516e+02
2.358540079871427793e+02
2.359792201991616594e+02
2.362560861266140364e+02
2.362560861266140364e+02
2.362560861266140364e+02
2.362560861266140364e+02
2.363694349282084488e+02
2.365486741527049617e+02
2.367188090473451041e+02
2.367188090473451041e+02
2.370357506559020919e+02
2.371270408090516639e+02
2.371283217984373834e+02
2.374520782288890643e+02
2.375796994107013802e+02
2.375933396454335877e+02
2.375933396454335877e+02
2.377163327740856573e+02
2.378095510561321646e+02
2.378095510561321646e+02
2.378095510561321646e+02
2.381888639591600736e+02
2.381888639591600736e+02
2.382529003675945773e+02
2.382529003675945773e+02
2.384262623445843019e+02
2.384839901554898063e+02
2.384839901554898063e+02
2.387333251302305541e+02
2.388228129790512924e+02
2.389080410808971351e+02
2.389080410808971351e+02
2.392051496488827240e+02
2.394273730998346537e+02
2.395278981904440343e+02
2.398112889368288450e+02
2.398112889368288450e+02
2.398112889368288450e+02
2.399454349997158147e+02
2.399454349997158147e+02
2.399454349997158147e+02
2.399454349997158147e+02
2.399454349997158147e+02
2.399454349997158147e+02
2.399454349997158147e+02
2.399708018236865996e+02
2.400953768246133109e+02
2.400953768246133109e+02
2.401404873176031174e+02
2.402454793402155246e+02
2.402454793402155246e+02
2.404325333360777392e+02
2.406076289804526027e+02
2.407251283244981437e+02
2.409371196113384883e+02
2.412107742958682479e+02
2.414534712389612423e+02
2.414534712389612423e+02
2.416093865044758786e+02
2.417396630372998061e+02
2.419719331290002060e+02
2.420341255305958441e+02
2.425153976562051525e+02
2.425153976562051525e+02
2.425153976562051525e+02
2.427169825533985090e+02
2.428739523105887486e+02
2.428739523105887486e+02
2.431297531932689822e+02
2.432444586030014761e+02
2.434595836258424981e+02
2.435465946601101734e+02
2.436900405981464530e+02
2.436900405981464530e+02
2.436900405981464530e+02
2.437460006250679783e+02
2.437960854731537665e+02
2.437960854731537665e+02
2.440058553396882530e+02
2.442589066340158865e+02
2.443091655519411347e+02
2.443935080086100129e+02
2.443961256909915392e+02
2.444018229466205696e+02
2.444018229466205696e+02
2.444018229466205696e+02
2.444018229466205696e+02
2.444596432628890170e+02
2.447950582525608638e+02
2.447950582525608638e+02
2.448012964729949204e+02
2.448012964729949204e+02
2.448012964729949204e+02
2.452310823578213217e+02
2.453066120767828693e+02
2.454988148912679833e+02
2.454988148912679833e+02
2.455145828542823665e+02
2.456058404509751085e+02
2.458042702912523225e+02
2.458042702912523225e+02
2.458042702912523225e+02
2.458724161993540349e+02
2.458724161993540349e+02
2.458724161993540349e+02
2.460721497399883617e+02
2.460721497399883617e+02
2.460721497399883617e+02
2.460721497399883617e+02
2.460721497399883617e+02
2.460721497399883617e+02
2.460721497399883617e+02
2.463017923841682659e+02
2.463017923841682659e+02
2.463396450215820153e+02
2.463396450215820153e+02
2.465123263862957970e+02
2.465123263862957970e+02
2.465261979475154988e+02
2.465261979475154988e+02
2.466120416269914699e+02
2.466120416269914699e+02
2.468577297395449364e+02
2.469244993606530443e+02
2.469781341682982543e+02
2.469781341682982543e+02
2.470194563792153701e+02
2.470194563792153701e+02
2.470356589581168976e+02
2.470356589581168976e+02
2.470356589581168976e+02
2.470356589581168976e+02
2.470356589581168976e+02
2.470488442611828361e+02
2.470488442611828361e+02
2.470488442611828361e+02
2.470488442611828361e+02
2.472145887933382653e+02
2.473535664589925602e+02
2.474956353328153682e+02
2.474956353328153682e+02
2.475417163298339176e+02
2.475417163298339176e+02
2.476562177637290176e+02
2.477251518584744758e+02
2.477407486025888943e+02
2.478399344448525881e+02
2.478399344448525881e+02
2.478399344448525881e+02
2.478399344448525881e+02
2.480385746800128004e+02
2.480385746800128004e+02
2.480385746800128004e+02
2.480385746800128004e+02
2.482205911187853928e+02
2.485616710611880080e+02
2.485787789613301300e+02
2.487268430784779412e+02
2.487268430784779412e+02
2.487268430784779412e+02
2.487550448260100495e+02
2.487550448260100495e+02
2.490484132556600514e+02
2.491724097922173371e+02
2.491724097922173371e+02
2.493341116897991299e+02
2.494391599959285486e+02
2.497569491980246141e+02
2.498711268568146977e+02
2.498711268568146977e+02
2.498711268568146977e+02
2.498711268568146977e+02
2.498711268568146977e+02
2.502350959025178554e+02
2.502350959025178554e+02
2.503683899376676152e+02
2.507020808557590783e+02
2.509040303318869292e+02
2.509154616171736336e+02
2.509154616171736336e+02
2.510139539185252033e+02
2.510176365885887435e+02
2.511212230671104919e+02
2.511212230671104919e+02
2.511311974599250618e+02
2.512391522422379069e+02
2.512391522422379069e+02
2.513734414886527304e+02
2.513734414886527304e+02
2.513734414886527304e+02
2.514435964981692280e+02
2.514846413071024642e+02
2.514846413071024642e+02
2.515348847614120018e+02
2.515348847614120018e+02
2.515348847614120018e+02
2.515348847614120018e+02
2.516335302909140808e+02
2.519703401680818615e+02
2.520193769224865150e+02
2.522259191915777023e+02
2.522259191915777023e+02
2.523214752095505560e+02
2.523414371602769393e+02
2.523414371602769393e+02
2.523854301150114452e+02
2.523891233839199799e+02
2.524953411177515079e+02
2.524953411177515079e+02
2.526681189636859983e+02
2.528535736180075446e+02
2.530864921465382054e+02
2.533375802706189575e+02
2.533375802706189575e+02
2.534375077623831771e+02
2.534375077623831771e+02
