4.365507076329000480e-01
8.720177149146918216e-01
1.272823654617779354e+00
1.628133595342085682e+00
2.210477055406844027e+00
2.770072495212871022e+00
2.839811555621031935e+00
3.499845467524075548e+00
3.958143300868296688e+00
4.126251923502029406e+00
4.468751039762300259e+00
4.971523154493501018e+00
5.850358491814849238e+00
6.623125964779545072e+00
7.126834219850048946e+00
8.033288058822019906e+00
8.534719840097380938e+00
9.009568905814177242e+00
9.503558002807487526e+00
9.990322690575572651e+00
1.038055828115549950e+01
1.074794175942239782e+01
1.145857571175450573e+01
1.232795368099090005e+01
1.297366248930846666e+01
1.375626416932851015e+01
1.378833897788588203e+01
1.454618806638738171e+01
1.506758584123887346e+01
1.558260552830216916e+01
1.593297615448210891e+01
1.617515045076058655e+01
1.701970648864048741e+01
1.758758959552771017e+01
1.830425963190423388e+01
1.916431861838708883e+01
1.976364598647711546e+01
2.014062877907769433e+01
2.059679464211465572e+01
2.081779514050215596e+01
2.115354888099360053e+01
2.160300534060187516e+01
2.219836360315477464e+01
2.277779627102406579e+01
2.330722525956207747e+01
2.388702540783041073e+01
2.444949282670173574e+01
2.498725863764702027e+01
2.556826567693664032e+01
2.636606117070379440e+01
2.677119065986990876e+01
2.754672689383470185e+01
2.807696160724652756e+01
2.856903704577212721e+01
2.912660428015126612e+01
2.996274429079061363e+01
3.042304138708050232e+01
3.141045109753848408e+01
3.199810924980235427e+01
3.250977303963595944e+01
3.307548107996114339e+01
3.320388226857006231e+01
3.354034006438297411e+01
3.398962632049485677e+01
3.466819836839577107e+01
3.506813385491456359e+01
3.530798443889876381e+01
3.566306679455227169e+01
3.611649305507686591e+01
3.640520651039989986e+01
3.674176245284850495e+01
3.745733376613984689e+01
3.830869334538571280e+01
3.895858554317511135e+01
3.957653875967194068e+01
4.009581685462530487e+01
4.092266447421393849e+01
4.137915774565784233e+01
4.198402399124457673e+01
4.303641624058173676e+01
4.354130488856797143e+01
4.420278591933914214e+01
4.464929056409211228e+01
4.493614744386572823e+01
4.550350623297309482e+01
4.625216897984394393e+01
4.638861219386790680e+01
4.674509567933220211e+01
4.734225510256138136e+01
4.734225510256138136e+01
4.734225510256138136e+01
4.768836104957088651e+01
4.851009055523556412e+01
4.861336380209570507e+01
4.897431106915671961e+01
4.897431106915671961e+01
4.932605179314876409e+01
4.938556376722733887e+01
4.938556376722733887e+01
4.984498807660352782e+01
5.031475118116262735e+01
5.091721339873939201e+01
5.128449527602870006e+01
5.177261767520464986e+01
5.177261767520464986e+01
5.229947773919208487e+01
5.237007222157951247e+01
5.295104680729925661e+01
5.317156290010782982e+01
5.346376093281545394e+01
5.378654159071292895e+01
5.409803573536915877e+01
5.461801970107811854e+01
5.495783342961389906e+01
5.513879401928878110e+01
5.546474011967073636e+01
5.582175796077522278e+01
5.600804119355136379e+01
5.628269594295640843e+01
5.660134691881145841e+01
5.713725032481668364e+01
5.720414916139857553e+01
5.770323140742524970e+01
5.785867784743882680e+01
5.785867784743882680e+01
5.827403865440749797e+01
5.827403865440749797e+01
5.864153483789407062e+01
5.906734794936144795e+01
5.935603277497173025e+01
5.986946886146219526e+01
6.051438348265954659e+01
6.071589915571296103e+01
6.086618298104033897e+01
6.128047541267223863e+01
6.130105445420203836e+01
6.159439145092045464e+01
6.192837792093683902e+01
6.215540006741937873e+01
6.222993285393940255e+01
6.248470243324279494e+01
6.291234238171111315e+01
6.291234238171111315e+01
6.349875913868929445e+01
6.355748974429332776e+01
6.380554127206667658e+01
6.417211671967058351e+01
6.437328456052979675e+01
6.437328456052979675e+01
6.497492363386243142e+01
6.526048167469335226e+01
6.554092097872305089e+01
6.560279875326968124e+01
6.591980147714014038e+01
6.660634655069547705e+01
6.693427704485431207e+01
6.710659102491314343e+01
6.759604549550698493e+01
6.792062955198869645e+01
6.834162136952816979e+01
6.853664691594784131e+01
6.886512680353243354e+01
6.919771107874234417e+01
6.958269154571438264e+01
7.005492580723091578e+01
7.047782491486215406e+01
7.088780700881069663e+01
7.107952441191744697e+01
7.134142610140665397e+01
7.193986140848549837e+01
7.261958976295700552e+01
7.321067513049440834e+01
7.348646990056363393e+01
7.395180653784053959e+01
7.438766639989243856e+01
7.480953104159674183e+01
7.509966653813397386e+01
7.553237106412819912e+01
7.569913634106991651e+01
7.612575386626241425e+01
7.622452275469589722e+01
7.661846855170018955e+01
7.710441181629244056e+01
7.745153031732530735e+01
7.765644325134555004e+01
7.783166745732505376e+01
7.853209104854025213e+01
7.853209104854025213e+01
7.914429414145470787e+01
7.968966298364505008e+01
8.052819372927277186e+01
8.093389679134568837e+01
8.129869346493511273e+01
8.141433023097573596e+01
8.161088445864753282e+01
8.205616642700759655e+01
8.287591640279205762e+01
8.292186875387973544e+01
8.345065066984869873e+01
8.412962725268400277e+01
8.444520848267195845e+01
8.513310022980844849e+01
8.517915521954496683e+01
8.526225749460691361e+01
8.547977104623471689e+01
8.571092183869627945e+01
8.604084497743171767e+01
8.604084497743171767e+01
8.639876125186036404e+01
8.702254976454460689e+01
8.723693273559072736e+01
8.775204640400809808e+01
8.816657764950053888e+01
8.888293145696340503e+01
8.897753158244985627e+01
8.950809735289334412e+01
8.950809735289334412e+01
8.961950295649812404e+01
8.961950295649812404e+01
9.012625286876870234e+01
9.038471395205493764e+01
9.044463382183541000e+01
9.082178891071735904e+01
9.099757848620114942e+01
9.104058852575626304e+01
9.104058852575626304e+01
9.106835372010543495e+01
9.143762500544438865e+01
9.189107219576150953e+01
9.189107219576150953e+01
9.203399212431374110e+01
9.243847356311390229e+01
9.247848152342517380e+01
9.272489871151711327e+01
9.281243336136130040e+01
9.329992552192329924e+01
9.347027608964235412e+01
9.377139878614194402e+01
9.404076770739651181e+01
9.441119263773083503e+01
9.495815308963756252e+01
9.495815308963756252e+01
9.561597699757236057e+01
9.601866201361224284e+01
9.602342155048310701e+01
9.621276687791417714e+01
9.629286215804253857e+01
9.631793863861008731e+01
9.648016863818357081e+01
9.667335530081263073e+01
9.679525563593713855e+01
9.706381015646464050e+01
9.736955731066626640e+01
9.736955731066626640e+01
9.774884911570232759e+01
9.819725537663265413e+01
9.850236478347900970e+01
9.905325015924306342e+01
9.909853715959316389e+01
9.927551236069719209e+01
9.962768806141788502e+01
9.991838637392423550e+01
1.002026545730363551e+02
1.005201882656283345e+02
1.010425016993266496e+02
1.011139037219948165e+02
1.011427828976688232e+02
1.013029012604774266e+02
1.015294248311391669e+02
1.017176019247340122e+02
1.021288761330352060e+02
1.021288761330352060e+02
1.025352863891185677e+02
1.025794971559194266e+02
1.025794971559194266e+02
1.025794971559194266e+02
1.026900568849419955e+02
1.026900568849419955e+02
1.027563062595034040e+02
1.029217709430701149e+02
1.032427994910987366e+02
1.035166927526416885e+02
1.036410819571607931e+02
1.036410819571607931e+02
1.036410819571607931e+02
1.040319589491610941e+02
1.040319589491610941e+02
1.040319589491610941e+02
1.041028847634663066e+02
1.041028847634663066e+02
1.041028847634663066e+02
1.041822741428966168e+02
1.043498306911210989e+02
1.044823375101045997e+02
1.045443463080280395e+02
1.048404330567461216e+02
1.051035469440831207e+02
1.053139898175982410e+02
1.056640270111977884e+02
1.056640270111977884e+02
1.060100368179061263e+02
1.062289688306236286e+02
1.064936004570489700e+02
1.064936004570489700e+02
1.064936004570489700e+02
1.064936004570489700e+02
1.064936004570489700e+02
1.064936004570489700e+02
1.066376099973518023e+02
1.067007168993559105e+02
1.067007168993559105e+02
1.067007168993559105e+02
1.068703424032173359e+02
1.068703424032173359e+02
1.068703424032173359e+02
1.070665900079994941e+02
1.072631737978994124e+02
1.078454056169882165e+02
1.079771169346174560e+02
1.082801682971037422e+02
1.088970422491162395e+02
1.088970422491162395e+02
1.090952754738895010e+02
1.092946484219853858e+02
1.096846408305225395e+02
1.099345971231824706e+02
1.099746377803869564e+02
1.099746377803869564e+02
1.099746377803869564e+02
1.099746377803869564e+02
1.100451250681350359e+02
1.101812105429036279e+02
1.104766950708390141e+02
1.104766950708390141e+02
1.106890573186536244e+02
1.107297390778795432e+02
1.107865234942028252e+02
1.107865234942028252e+02
1.109157530298634668e+02
1.109157530298634668e+02
1.112508685405641842e+02
1.112508685405641842e+02
1.112508685405641842e+02
1.116868807144861933e+02
1.118362740265221902e+02
1.122198531334327214e+02
1.126927443449391149e+02
1.133996337257810580e+02
1.135968554018558763e+02
1.140641164703149855e+02
1.144170805376814002e+02
1.144170805376814002e+02
1.148718906267350235e+02
1.148718906267350235e+02
1.150189850045154571e+02
1.158865147016889381e+02
1.163191130470866881e+02
1.163191130470866881e+02
1.171008483634418553e+02
1.177320030334177829e+02
1.179986610005349803e+02
1.182200145133776630e+02
1.184872371985802886e+02
1.189789581073564619e+02
1.195001218561709351e+02
1.196535735429698519e+02
1.197393727899462306e+02
1.202414270221890575e+02
1.205107378239291194e+02
1.207433074989199753e+02
1.212500241866869288e+02
1.214568237554411780e+02
1.218041981328121608e+02
1.224721161667502969e+02
1.227974664367559541e+02
1.227974664367559541e+02
1.232445358471455137e+02
1.233945033023132964e+02
1.235883186267273999e+02
1.238379475158535428e+02
1.244792539272451961e+02
1.245464372973384002e+02
1.248617517687931411e+02
1.248617517687931411e+02
1.249519155142677675e+02
1.249519155142677675e+02
1.255749597454936719e+02
1.258129736062340811e+02
1.258129736062340811e+02
1.260024515648575942e+02
1.260024515648575942e+02
1.264178787960353390e+02
1.265811433152548489e+02
1.269057723470151871e+02
1.270108994316009756e+02
1.273179082460243023e+02
1.279376648965491370e+02
1.284162356667006293e+02
1.287664150778590511e+02
1.289450529210708396e+02
1.292714560345177972e+02
1.298687380574570511e+02
1.302657322083856570e+02
1.306417110370817056e+02
1.307424721812082282e+02
1.312627643438571567e+02
1.319893576588870587e+02
1.320536386815128083e+02
1.320791874921724798e+02
1.326600239546493754e+02
1.331105716763339615e+02
1.335948193315028334e+02
1.341883351618329527e+02
1.345561879736306707e+02
1.350972896553678311e+02
1.353876299839128308e+02
1.353906621673028212e+02
1.353906621673028212e+02
1.356353534803871241e+02
1.361863783122119287e+02
1.364305104341532342e+02
1.365666169587641434e+02
1.365666169587641434e+02
1.367637218771424443e+02
1.370195761379631847e+02
1.374734995841482146e+02
1.377860243948848620e+02
1.379717199608853662e+02
1.384441354723548159e+02
1.384441354723548159e+02
1.384441354723548159e+02
1.387810872629700043e+02
1.395749804312174831e+02
1.402198632898229391e+02
1.402618840316145281e+02
1.409975994461341315e+02
1.410657969194868713e+02
1.412593098654682251e+02
1.414901191748418228e+02
1.414901191748418228e+02
1.417413788625141251e+02
1.420694578828024248e+02
1.427279055035169506e+02
1.431838609459631755e+02
1.435061236477164641e+02
1.437333664858634279e+02
1.439468273619886816e+02
1.445009649483749854e+02
1.449850198834926687e+02
1.456364382081749227e+02
1.462598532988026250e+02
1.462598532988026250e+02
1.465378700034969484e+02
1.468304477316639520e+02
1.475977030518040465e+02
1.479264973240541963e+02
1.486531392665907276e+02
1.486531392665907276e+02
1.486930138484524093e+02
1.487109049548650717e+02
1.488121167793543123e+02
1.490904092473626292e+02
1.493047716672153342e+02
1.498167125847382124e+02
1.500911924274404612e+02
1.506070247457417395e+02
1.507623516053558888e+02
1.509395051048116727e+02
1.513747641953170557e+02
1.519437094831528157e+02
1.521621242722875991e+02
1.526734414929089780e+02
1.529942679277871207e+02
1.532716636008908893e+02
1.536001134455071053e+02
1.538980209917262414e+02
1.542411564179844845e+02
1.542411564179844845e+02
1.542411564179844845e+02
1.543027647538984013e+02
1.546996419605405038e+02
1.548991002109515307e+02
1.549251224168870067e+02
1.550161009117662445e+02
1.552970172385363412e+02
1.556015744031160182e+02
1.560447991498686804e+02
1.564919552503172042e+02
1.569179391411885547e+02
1.571948055438749350e+02
1.576638864922611276e+02
1.578270704075354161e+02
1.579708532211391798e+02
1.582203917829840520e+02
1.583982540622131978e+02
1.583982540622131978e+02
1.587244306946334973e+02
1.590818939364533833e+02
1.592359040964809935e+02
1.597332173027767794e+02
1.597433337311559853e+02
1.598482649959995570e+02
1.600271550784958094e+02
1.602780833663316287e+02
1.605389598670390399e+02
1.606039617001573276e+02
1.611441093546475258e+02
1.616956140030796405e+02
1.621672921760435315e+02
1.627965010734840234e+02
1.635166093601566217e+02
1.638350808231648159e+02
1.641677088768477404e+02
1.646771274055962806e+02
1.650667725735098941e+02
1.652177219906972994e+02
1.653734840228066787e+02
1.657900219616732045e+02
1.662782015690183073e+02
1.663402506072220888e+02
1.663402506072220888e+02
1.663402506072220888e+02
1.664286686470837537e+02
1.670272556897110121e+02
1.671232056197443114e+02
1.671232056197443114e+02
1.676872512779890201e+02
1.678896094761562949e+02
1.682595787713215145e+02
1.687256710576564558e+02
1.693952034596227065e+02
1.698502303254586536e+02
1.700917680980541604e+02
1.700945111517223438e+02
1.704647206939662283e+02
1.705996976327665209e+02
1.712156610191046866e+02
1.712156610191046866e+02
1.713684001825718610e+02
1.719730838374950395e+02
1.722764657562015600e+02
1.722764657562015600e+02
1.722764657562015600e+02
1.725734600401881380e+02
1.725734600401881380e+02
1.725734600401881380e+02
1.725734600401881380e+02
1.727866227001866264e+02
1.730218974389509299e+02
1.733066473805654653e+02
1.736759136090107347e+02
1.741334406951498863e+02
1.742516290326302340e+02
1.742516290326302340e+02
1.742516290326302340e+02
1.744513037109180118e+02
1.745032795625293431e+02
1.748978628909071347e+02
1.754877043906013228e+02
1.758815731375823361e+02
1.762672159382440213e+02
1.764573279723691996e+02
1.767936718881805689e+02
1.768537192501199797e+02
1.768537192501199797e+02
1.773089632635446264e+02
1.773500089656137391e+02
1.777706864988112727e+02
1.777706864988112727e+02
1.779489679305545451e+02
1.781839625163368339e+02
1.785555995292779983e+02
1.790944989862990155e+02
1.795203465115513097e+02
1.795334340758962242e+02
1.799519633066612414e+02
1.801197828768672480e+02
1.801658790422997356e+02
1.801918162243609629e+02
1.806743910060648375e+02
1.806743910060648375e+02
1.806743910060648375e+02
1.806743910060648375e+02
1.808054016309923213e+02
1.810061240493303671e+02
1.810703159751916189e+02
1.816622070634082036e+02
1.822744420781928056e+02
1.823552119877800237e+02
1.824958939523478989e+02
1.830203905264175148e+02
1.834415789695513581e+02
1.837993118681361580e+02
1.840052135532153272e+02
1.842095758700806982e+02
1.842212903926073295e+02
1.845375560307856517e+02
1.846775796594309611e+02
1.846775796594309611e+02
1.851944287922426895e+02
1.853151352393534239e+02
1.853151352393534239e+02
1.854780048572379485e+02
1.859593894984661517e+02
1.862729188662158890e+02
1.867466498907009509e+02
1.868914757275553882e+02
1.871899013568624639e+02
1.872974810127880687e+02
1.873183985004760927e+02
1.875474784310347331e+02
1.875474784310347331e+02
1.875474784310347331e+02
1.878808059498951479e+02
1.878969306807765633e+02
1.882275038063288832e+02
1.885914850736194808e+02
1.887295439961402508e+02
1.887295439961402508e+02
1.889356452975471541e+02
1.891168395137996185e+02
1.891168395137996185e+02
1.894067828270746645e+02
1.894067828270746645e+02
1.896876624490861332e+02
1.896876624490861332e+02
1.898040806152908715e+02
1.900884393114940281e+02
1.901777725773065413e+02
1.902631992040828379e+02
1.907863684282009160e+02
1.910979868803286479e+02
1.913689638511006592e+02
1.914910037916359897e+02
1.916848067678022289e+02
1.916848067678022289e+02
1.918180277479244751e+02
1.921435337421402210e+02
1.924926030480264387e+02
1.924926030480264387e+02
1.924926030480264387e+02
1.926292214007896746e+02
1.926292214007896746e+02
1.929418889495228768e+02
1.931150156360600647e+02
1.932558159431664251e+02
1.933719160393879690e+02
1.936241721262575197e+02
1.936241721262575197e+02
1.940153761302877911e+02
1.941503476477247716e+02
1.941503476477247716e+02
1.944089780823221645e+02
1.945200533754953938e+02
1.949145045998459693e+02
1.952543188428156498e+02
1.957085879036077074e+02
1.957085879036077074e+02
1.957085879036077074e+02
1.957085879036077074e+02
1.957770450765375472e+02
1.959717494833355431e+02
1.959717494833355431e+02
1.961475467818876268e+02
1.964706169596100267e+02
1.964706169596100267e+02
1.967999757011792212e+02
1.967999757011792212e+02
1.972488334515012980e+02
1.973638088994919713e+02
1.979285139169069510e+02
1.980953847897847879e+02
1.981448266953950395e+02
1.985410358052230890e+02
1.985429435423197901e+02
1.985596893229884472e+02
1.985596893229884472e+02
1.986845577817270225e+02
1.988487645339748155e+02
1.989396676541063300e+02
1.993026903914227148e+02
1.993026903914227148e+02
1.995259575498010065e+02
2.001089316714148367e+02
2.005428858405482515e+02
2.007179610708158179e+02
2.011179438277598592e+02
2.013228737963083574e+02
2.016947477959873254e+02
2.016947477959873254e+02
2.017049991476605157e+02
2.017351576580227857e+02
2.017351576580227857e+02
2.018424805892976508e+02
2.018424805892976508e+02
2.019613213996688046e+02
2.023295144772664571e+02
2.028708959316839753e+02
2.030911736301560495e+02
2.034969929066505472e+02
2.035629595000119707e+02
2.035629595000119707e+02
2.035923726937999163e+02
2.035923726937999163e+02
2.037110574308894684e+02
2.039382279575975758e+02
2.041760554877813263e+02
2.043673026454050046e+02
2.043673026454050046e+02
2.045761981846522701e+02
2.049015895851929940e+02
2.054113022643736031e+02
2.058601340703230846e+02
2.062556653734194754e+02
2.065438216798172562e+02
2.065438216798172562e+02
2.071506541244274331e+02
2.074999983136457615e+02
2.079107687688676549e+02
2.079107687688676549e+02
2.081056521807336424e+02
2.081056521807336424e+02
2.081143943965903134e+02
2.082982895201076019e+02
2.083533433441431839e+02
2.084455979902337219e+02
2.084455979902337219e+02
2.086512256374210210e+02
2.087679741213413251e+02
2.087679741213413251e+02
2.088900092530483050e+02
2.089467681296964088e+02
2.092864912056943751e+02
2.098379018299715710e+02
2.101941063020390175e+02
2.103919991508726071e+02
2.108029969315645928e+02
2.108261218775258214e+02
2.110312750389670953e+02
2.112096059109273654e+02
2.116422051725604092e+02
2.116544301592023487e+02
2.116767150952118470e+02
2.116767150952118470e+02
2.116767150952118470e+02
2.118350751676471475e+02
2.118350751676471475e+02
2.119277340101285461e+02
2.119277340101285461e+02
2.119277340101285461e+02
2.120659396916908577e+02
2.120659396916908577e+02
2.124920367932821819e+02
2.126538041720227170e+02
2.128410390296757271e+02
2.129523299823583500e+02
2.134389890936364793e+02
2.134389890936364793e+02
2.134389890936364793e+02
2.137006167884003105e+02
2.141239376180882346e+02
2.144049204149372656e+02
2.144430240980215672e+02
2.147164620876783658e+02
2.147164620876783658e+02
2.148381899257455245e+02
2.148381899257455245e+02
2.150086580319650409e+02
2.152173519888180806e+02
2.152670400185702420e+02
2.153909565241799839e+02
2.153909565241799839e+02
2.156384774741185879e+02
2.159922831692009879e+02
2.160976380181020602e+02
2.160976380181020602e+02
2.164461943817036627e+02
2.165981900528958590e+02
2.165981900528958590e+02
2.168517719143334546e+02
2.170370890378634101e+02
2.170885486750362645e+02
2.172331125689045166e+02
2.173545463271437086e+02
2.173545463271437086e+02
2.173545463271437086e+02
2.175576091219789134e+02
2.180454206586022963e+02
2.180454206586022963e+02
2.182443319543721429e+02
2.184528602765443850e+02
2.189282526278852856e+02
2.189629069948348672e+02
2.190396054934132621e+02
2.191491972587154464e+02
2.191536173379384138e+02
2.194181824763705890e+02
2.199241285435841462e+02
2.199241285435841462e+02
2.201612681720482669e+02
2.201612681720482669e+02
2.202428920986810965e+02
2.202428920986810965e+02
2.203553381709899668e+02
2.209220868464985870e+02
2.209220868464985870e+02
2.211811210279975057e+02
2.211811210279975057e+02
2.211811210279975057e+02
2.214897560430765964e+02
2.218873807595091989e+02
2.221382977706498991e+02
2.222863209077700049e+02
2.222863209077700049e+02
2.226400899750158828e+02
2.228016508409127141e+02
2.228016508409127141e+02
2.228859710509601939e+02
2.228859710509601939e+02
2.228859710509601939e+02
2.228859710509601939e+02
2.230311923489998662e+02
2.233125182778213684e+02
2.233436638063207340e+02
2.233863302308694188e+02
2.237985241640776053e+02
2.237985241640776053e+02
2.237985241640776053e+02
2.238631471980546905e+02
2.240367473893114720e+02
2.242358446550165638e+02
2.242358446550165638e+02
2.242358446550165638e+02
2.244081379403714038e+02
2.244081379403714038e+02
2.244081379403714038e+02
2.248161822196991579e+02
2.252231145355625301e+02
2.252231145355625301e+02
2.252231145355625301e+02
2.253432947785306339e+02
2.257087871143983762e+02
2.257696259383393169e+02
2.259136985225981960e+02
2.261132882577863370e+02
2.265395768409252639e+02
2.265395768409252639e+02
2.265395768409252639e+02
2.266056937921605936e+02
2.266056937921605936e+02
2.269358071206629290e+02
2.269358071206629290e+02
2.269358071206629290e+02
2.269428107673656712e+02
2.269428107673656712e+02
2.269428107673656712e+02
2.269763376024988304e+02
2.270130095746306438e+02
2.274761322594352748e+02
2.280759912795018352e+02
2.281845330890232617e+02
2.283847544910669569e+02
2.285848070342888718e+02
2.285848070342888718e+02
2.286132334701412390e+02
2.289421431887971892e+02
2.289421431887971892e+02
2.289421431887971892e+02
2.292807905636136923e+02
2.294301603714317253e+02
2.298415585589820012e+02
2.300969978643909712e+02
2.300969978643909712e+02
2.301872020195558264e+02
2.301872020195558264e+02
2.303377578700918207e+02
2.304121129031885857e+02
2.306628883334759337e+02
2.309986339691041906e+02
2.315684361916784724e+02
2.321505875574946742e+02
2.325489445452677444e+02
2.325489445452677444e+02
2.325489445452677444e+02
2.329847122736859433e+02
2.331117876049444249e+02
2.336695390752248045e+02
2.339691932854153151e+02
2.344628001180738011e+02
2.345564645862581585e+02
2.347420475526599546e+02
2.353383346224825061e+02
2.353383346224825061e+02
2.354870019716260003e+02
2.358872570407582998e+02
2.358872570407582998e+02
2.360868044838671267e+02
2.361419170532230112e+02
2.363728766769349647e+02
2.363952674548743573e+02
2.369440132743815468e+02
2.369440132743815468e+02
2.369626512849215771e+02
2.369655086568091349e+02
2.372399919046869172e+02
2.373828036007643050e+02
2.377678448832224376e+02
2.379114675394972380e+02
2.379327734609592255e+02
2.383526290279500586e+02
2.383861970067038385e+02
2.383861970067038385e+02
2.384141912061766391e+02
2.387185824548282369e+02
2.387388854219801715e+02
2.387633509730048047e+02
2.388560107455165848e+02
2.389820738205870612e+02
2.390885725071053969e+02
2.390885725071053969e+02
2.391177952882293027e+02
2.392849051924654020e+02
2.392849051924654020e+02
2.392849051924654020e+02
2.395495895670698303e+02
2.395495895670698303e+02
2.395495895670698303e+02
2.397514761308088396e+02
2.400429201689566980e+02
2.401552447717481868e+02
2.403462458291099608e+02
2.405360456365934283e+02
2.405360456365934283e+02
2.408103510727885066e+02
2.408103510727885066e+02
2.408103510727885066e+02
2.410812080147902918e+02
2.410812080147902918e+02
2.410812080147902918e+02
2.412174827612289221e+02
2.412480884944512525e+02
2.413985027159856429e+02
2.414897682848834961e+02
2.414897682848834961e+02
2.414897682848834961e+02
2.417646528484426369e+02
2.422302488780910892e+02
2.423351315375881541e+02
2.423351315375881541e+02
2.425290679381682821e+02
2.427559236436108847e+02
2.427559236436108847e+02
2.431585951841814790e+02
2.434724284922147319e+02
2.434891708465470117e+02
2.435844352127867580e+02
2.437499211428541059e+02
2.438250753283288645e+02
2.438250753283288645e+02
2.439631024266542738e+02
2.441843023470802621e+02
2.442019452167364761e+02
2.442383639133861664e+02
2.442383639133861664e+02
2.443687825237702782e+02
2.443687825237702782e+02
2.445354942274927907e+02
2.450223486030571962e+02
2.450223486030571962e+02
2.450223486030571962e+02
2.450433760939334888e+02
2.452363591756190431e+02
2.452363591756190431e+02
2.454762735260594013e+02
2.457821546553973917e+02
2.457826583658633979e+02
2.457920255361621571e+02
2.459775375847644057e+02
2.459775375847644057e+02
2.460779898167243971e+02
2.462630096797332158e+02
2.462630096797332158e+02
2.465750956449153932e+02
2.465750956449153932e+02
2.468723059795242705e+02
2.468723059795242705e+02
2.468723059795242705e+02
2.468723059795242705e+02
2.468723059795242705e+02
2.468723059795242705e+02
2.468723059795242705e+02
2.468723059795242705e+02
2.472700489056663002e+02
2.473427629030700245e+02
2.477360653628155660e+02
2.477360653628155660e+02
2.478242508075271644e+02
2.478985263520852413e+02
2.478985263520852413e+02
2.478985263520852413e+02
