3.942718493285655157e-01
1.022708101502095346e+00
1.378507099980691208e+00
1.861212218733796053e+00
2.275540125205386843e+00
2.945229174473571465e+00
3.368287463516377311e+00
3.625536465548758969e+00
4.298064470588620622e+00
4.647940588469303691e+00
5.233385839472653345e+00
5.512531088057995632e+00
6.238537764181321776e+00
6.763018713777764646e+00
7.226382087397539955e+00
7.643121474573524310e+00
8.079438163188774169e+00
8.304014708170733172e+00
8.640689743175595794e+00
9.193334519674559502e+00
9.783234460107827601e+00
1.038867906928025775e+01
1.087866789043783200e+01
1.094900007955135024e+01
1.177482596498683876e+01
1.192142632236495636e+01
1.253759803474502910e+01
1.313386283097481133e+01
1.405700929095864105e+01
1.439139023389895833e+01
1.498059897538136376e+01
1.576135455554956621e+01
1.624087055498169008e+01
1.691569272833346105e+01
1.767302012764925578e+01
1.789462598126705473e+01
1.829218878512570612e+01
1.854989681809504276e+01
1.936197363579297104e+01
1.945264154507933796e+01
1.992812677121463949e+01
2.046898661638187633e+01
2.124324188771894129e+01
2.170225489545078901e+01
2.191634224913574513e+01
2.224158269943689703e+01
2.291064283813278379e+01
2.350700348589952426e+01
2.387829698884366536e+01
2.448175079239081597e+01
2.499512727485065255e+01
2.565112998974959524e+01
2.620652561078641085e+01
2.679600848097057764e+01
2.707122470445882101e+01
2.782349957863332435e+01
2.850509915697830365e+01
2.914287521352785504e+01
2.970262005960239193e+01
3.014764452921794913e+01
3.084983838045074833e+01
3.142788812476967664e+01
3.188645136220151244e+01
3.207099227693707633e+01
3.288433276693695007e+01
3.362896035880525858e+01
3.415969520664146586e+01
3.470931094937868266e+01
3.533636766036425314e+01
3.607836177683308421e+01
3.696630807285242781e+01
3.794384433088035991e+01
3.872695915437783754e+01
3.956535222525287310e+01
4.013210908396918342e+01
4.084381147401245471e+01
4.154813678577205849e+01
4.225092872539376287e+01
4.255790323034837286e+01
4.322065780732621221e+01
4.384251590819894062e+01
4.460045827664265516e+01
4.520089134382643437e+01
4.584040417700668968e+01
4.656805469941517828e+01
4.681523212781007004e+01
4.769310073634316183e+01
4.829170095306861299e+01
4.891669788140409736e+01
4.960146532654942320e+01
5.023959959325854641e+01
5.089809154836846972e+01
5.171259312541442910e+01
5.230455136096153268e+01
5.297001451835244978e+01
5.350739310143357130e+01
5.414631440135371321e+01
5.462832751625463601e+01
5.537003471728354498e+01
5.597663764108916240e+01
5.641735147414958362e+01
5.708868933597032225e+01
5.781198133899420810e+01
5.823471262727359488e+01
5.872811139087843912e+01
5.903829391422461015e+01
5.956937663546459305e+01
6.054506633316560027e+01
6.100079556850010221e+01
6.154984939037040448e+01
6.218260650505160214e+01
6.280408047775004832e+01
6.374347696444360878e+01
6.437501794245787323e+01
6.480819571018744796e+01
6.526008064123303143e+01
6.581232532510269095e+01
6.624367797452903517e+01
6.685776026131313188e+01
6.735178663862677695e+01
6.768977534685761555e+01
6.837724763289119778e+01
6.903643140699385583e+01
6.966913090249379081e+01
7.010055355416254486e+01
7.078193463550188369e+01
7.172694940171061262e+01
7.216794019189305232e+01
7.317229945458083762e+01
7.392802674534212315e+01
7.470558792620070676e+01
7.511767356328934397e+01
7.560068084520217724e+01
7.626693044348971284e+01
7.651841226401167262e+01
7.706022010653691723e+01
7.761951551957865547e+01
7.821643762147307655e+01
7.881707890428037899e+01
7.962304334968420960e+01
8.001975211200107196e+01
8.054028062210697669e+01
8.121092310809177661e+01
8.178057955640515786e+01
8.225616059001013980e+01
8.282459656745957943e+01
8.315288578132324915e+01
8.368390367483362979e+01
8.416768165457374096e+01
8.468186042754898324e+01
8.487107644354485103e+01
8.525780300730374961e+01
8.619854610001728190e+01
8.702108261022118540e+01
8.782445139513980337e+01
8.829001690460485463e+01
8.866576264075540337e+01
8.936610648137390456e+01
9.024717868488431805e+01
9.084264621807658102e+01
9.152352888746696635e+01
9.252516555677495091e+01
9.279463737097120202e+01
9.314187568525119332e+01
9.381538175239256816e+01
9.427423317025713345e+01
9.441189133178029635e+01
9.488515530834042977e+01
9.527526139311912345e+01
9.583233342412462719e+01
9.627342375353126158e+01
9.661927503722884580e+01
9.703902041845609006e+01
9.758891294312877562e+01
9.821024616225700754e+01
9.882717605103482583e+01
9.968514335854719377e+01
1.006280485123600243e+02
1.011823246684308515e+02
1.018946733933941573e+02
1.021874027997921814e+02
1.026508699892425938e+02
1.032581572360748225e+02
1.036612790098073447e+02
1.042045396822938983e+02
1.046004221090334454e+02
1.050210594258025196e+02
1.055859345639294560e+02
1.059952815066364451e+02
1.063010179352625784e+02
1.071411058792304800e+02
1.077099622321014891e+02
1.080958048035378738e+02
1.083730085038725406e+02
1.094168345420524986e+02
1.100218415714131766e+02
1.103009319490377607e+02
1.108980628309351602e+02
1.112486084101595054e+02
1.117740151773884776e+02
1.118300355252159903e+02
1.124643266195342335e+02
1.126285487730493315e+02
1.133624260897043428e+02
1.137130287091542726e+02
1.141055024892140750e+02
1.146269655336321591e+02
1.154815321576087541e+02
1.159773739400076238e+02
1.161792024121187694e+02
1.167953135362533601e+02
1.172517740172522025e+02
1.179108926788281195e+02
1.179108926788281195e+02
1.182254069411748389e+02
1.182678133946324408e+02
1.185272313849347938e+02
1.191353743681817292e+02
1.191733167475753845e+02
1.198508789336775351e+02
1.207459693938484406e+02
1.211587695714767960e+02
1.211956913945641503e+02
1.215125716979320174e+02
1.218404699866790395e+02
1.220990806602710990e+02
1.223069808415603319e+02
1.230094926544425249e+02
1.230375136309666715e+02
1.236416718334798190e+02
1.241713489989029426e+02
1.243000685909922112e+02
1.246870887857020165e+02
1.248665899968899140e+02
1.254015855704486455e+02
1.258310711760412204e+02
1.260670232575773326e+02
1.264358377218894844e+02
1.267214178807898719e+02
1.269958290073899718e+02
1.275443581415781438e+02
1.280341699342765480e+02
1.282737263794564342e+02
1.286464422012009550e+02
1.288428521362601771e+02
1.293819123917272975e+02
1.295401853805345809e+02
1.296257142411140251e+02
1.301611871767950106e+02
1.303206587513695069e+02
1.305462664417794940e+02
1.310757398859861382e+02
1.314691108600598852e+02
1.319693139166613491e+02
1.323684355418965310e+02
1.326520709438611618e+02
1.331189881543370745e+02
1.336809166509467843e+02
1.338917318683537019e+02
1.344711044273410323e+02
1.347681856230105097e+02
1.347996478495941233e+02
1.351223059075011008e+02
1.353916304523935423e+02
1.359472402198244367e+02
1.362719796652807815e+02
1.362719796652807815e+02
1.364872551217469265e+02
1.370292329080494369e+02
1.372485298547711068e+02
1.377787931236726706e+02
1.381746542124394921e+02
1.383876247535920925e+02
1.389920450962498251e+02
1.391983909873223979e+02
1.396274532820193599e+02
1.399109946065044028e+02
1.403941986917410532e+02
1.407356715173318946e+02
1.407356715173318946e+02
1.413407179665293825e+02
1.415720604375864013e+02
1.417448557876780626e+02
1.419276395059664253e+02
1.422385113788946285e+02
1.428033035784448543e+02
1.429863306148684217e+02
1.433432838272462391e+02
1.436273680410825762e+02
1.437752477020652577e+02
1.437752477020652577e+02
1.442707021785983841e+02
1.446527899949404627e+02
1.452647067332065944e+02
1.453901032112187295e+02
1.457880320908932390e+02
1.463988238847145169e+02
1.468998021388687221e+02
1.473634824289684389e+02
1.478517527050258593e+02
1.484643078475939149e+02
1.490209939443542737e+02
1.493493305286502277e+02
1.496477728758318335e+02
1.499811829742275506e+02
1.499811829742275506e+02
1.502953334526617084e+02
1.503955886970105951e+02
1.507697601107256560e+02
1.512491174022051723e+02
1.516389165931639695e+02
1.521353328503280125e+02
1.521353328503280125e+02
1.526488246877830477e+02
1.526488246877830477e+02
1.532197746843256994e+02
1.535277013405488731e+02
1.537958000512364265e+02
1.538791205117943548e+02
1.543317280960994538e+02
1.543317280960994538e+02
1.545921732918578471e+02
1.550950989164803673e+02
1.553760106889714621e+02
1.555767717969870603e+02
1.562376986107101118e+02
1.565131165295565552e+02
1.567964326135223700e+02
1.573260055612585120e+02
1.575383545834973233e+02
1.578228981596050460e+02
1.579928869293528351e+02
1.585945457036748962e+02
1.588575695107275294e+02
1.590861950141962495e+02
1.593413675649735524e+02
1.593413675649735524e+02
1.593413675649735524e+02
1.593693470534815049e+02
1.595870730619328981e+02
1.601344646836747359e+02
1.604957892456660886e+02
1.609504696710200449e+02
1.612320016202688180e+02
1.613487959865072696e+02
1.614323786592179033e+02
1.617297711576590871e+02
1.619429457915862542e+02
1.625890196370950491e+02
1.625890196370950491e+02
1.625978550906362727e+02
1.628944654704538948e+02
1.631617088497506245e+02
1.632794585377457395e+02
1.640548405497972624e+02
1.646945843480681333e+02
1.646945843480681333e+02
1.646945843480681333e+02
1.649333284867133500e+02
1.649808845769026675e+02
1.652578271340939011e+02
1.658110317202619797e+02
1.659897403135551031e+02
1.664930867137929056e+02
1.667955750179924337e+02
1.671159581349845951e+02
1.671910621904898733e+02
1.672698191916420001e+02
1.678186912692059138e+02
1.688205356845356846e+02
1.694246332443937320e+02
1.696203201004101970e+02
1.700347323892897862e+02
1.703650523160426360e+02
1.707132006160230731e+02
1.707525027795812775e+02
1.710446314473423399e+02
1.714590590274417821e+02
1.720301452906642794e+02
1.722362551553958951e+02
1.725477605874024789e+02
1.728931107323598440e+02
1.728931107323598440e+02
1.732808876653062953e+02
1.734323094476889082e+02
1.738931938576603784e+02
1.742274484846249152e+02
1.744767929986626882e+02
1.748022945381006537e+02
1.751448899493893236e+02
1.756057963766469072e+02
1.756178555882387116e+02
1.758831761756273409e+02
1.765300832583795909e+02
1.765300832583795909e+02
1.769493443446435208e+02
1.769493443446435208e+02
1.773695326796900815e+02
1.781176301752756501e+02
1.783356080705383420e+02
1.784091149154893969e+02
1.786981118155376294e+02
1.789418840218976925e+02
1.791791812296992248e+02
1.793351866755642732e+02
1.794216932356976599e+02
1.798604732260458263e+02
1.800156038952690665e+02
1.800156038952690665e+02
1.800156038952690665e+02
1.800156038952690665e+02
1.801470611449502428e+02
1.804580767073665015e+02
1.804959734977224173e+02
1.807307293926581337e+02
1.807307293926581337e+02
1.808023116775619030e+02
1.808783665643871075e+02
1.809901381359519803e+02
1.810264156431838956e+02
1.810307678759344583e+02
1.812069115713246958e+02
1.812698049968129794e+02
1.812698049968129794e+02
1.814367147067406449e+02
1.814367147067406449e+02
1.818607814989317433e+02
1.823565486017738237e+02
1.826850912073732331e+02
1.828689249622153170e+02
1.828689249622153170e+02
1.828689249622153170e+02
1.828689249622153170e+02
1.828689249622153170e+02
1.829086006061153284e+02
1.832985221806739560e+02
1.832985221806739560e+02
1.832985221806739560e+02
1.835054563147558326e+02
1.837217111662783395e+02
1.837373970562482555e+02
1.837373970562482555e+02
1.837373970562482555e+02
1.839446953427950575e+02
1.841318089188619922e+02
1.846262069016077874e+02
1.849126280613621987e+02
1.850739682025163972e+02
1.850739682025163972e+02
1.852759264699668336e+02
1.852759264699668336e+02
1.852921126173919788e+02
1.852921126173919788e+02
1.854679798654802312e+02
1.854679798654802312e+02
1.854800034459098583e+02
1.854800034459098583e+02
1.856601865849429487e+02
1.857329065665438179e+02
1.857329065665438179e+02
1.860232437878041480e+02
1.861476719696520661e+02
1.861476719696520661e+02
1.862778272147710368e+02
1.862905387793696832e+02
1.862905387793696832e+02
1.862905387793696832e+02
1.866309076770271531e+02
1.866309076770271531e+02
1.867085303311848747e+02
1.867085303311848747e+02
1.870893409402798397e+02
1.872796784948698701e+02
1.877654464013654092e+02
1.877832472681427305e+02
1.879775154701773943e+02
1.879775154701773943e+02
1.879775154701773943e+02
1.882169648624676483e+02
1.886206616365242894e+02
1.886206616365242894e+02
1.887291672349788598e+02
1.887295259004648926e+02
1.889904346360218028e+02
1.889904346360218028e+02
1.889904346360218028e+02
1.889904346360218028e+02
1.889904346360218028e+02
1.889925322128395067e+02
1.894440854385792363e+02
1.896955564579608335e+02
1.896955564579608335e+02
1.896955564579608335e+02
1.896955564579608335e+02
1.897595054460373376e+02
1.897595054460373376e+02
1.899635596097276107e+02
1.899635596097276107e+02
1.900064702223045856e+02
1.904651576853800634e+02
1.904651576853800634e+02
1.907642935069009980e+02
1.907755271031882387e+02
1.908250096055675442e+02
1.909687846920693630e+02
1.910078097218839162e+02
1.910078097218839162e+02
1.910078097218839162e+02
1.910078097218839162e+02
1.910445076655954040e+02
1.912039099816894065e+02
1.914133239975666356e+02
1.915522513434029293e+02
1.915522513434029293e+02
1.919290999783953851e+02
1.919290999783953851e+02
1.920900884468542529e+02
1.924221428203905759e+02
1.924221428203905759e+02
1.927789577597338564e+02
1.927986727986267965e+02
1.929615202490237493e+02
1.931055429591035590e+02
1.931055429591035590e+02
1.931804676299967412e+02
1.932171817786565668e+02
1.932171817786565668e+02
1.934230394442259922e+02
1.937282098610002379e+02
1.937298021213073582e+02
1.937298021213073582e+02
1.938801163474592784e+02
1.939808282566756361e+02
1.939808282566756361e+02
1.941860442612391751e+02
1.941860442612391751e+02
1.942785643124844341e+02
1.947200455703302282e+02
1.947200455703302282e+02
1.947599797795343193e+02
1.947599797795343193e+02
1.947599797795343193e+02
1.947599797795343193e+02
1.948443719638997322e+02
1.950315076806582510e+02
1.950315076806582510e+02
1.950315076806582510e+02
1.950563938358635312e+02
1.952418502981819017e+02
1.952418502981819017e+02
1.952418502981819017e+02
1.952418502981819017e+02
1.953796691462680144e+02
1.955030650547383573e+02
1.955030650547383573e+02
1.955030650547383573e+02
1.956122733061500014e+02
1.956122733061500014e+02
1.956122733061500014e+02
1.956122733061500014e+02
1.956122733061500014e+02
1.956122733061500014e+02
1.956600785217852092e+02
1.956600785217852092e+02
1.956600785217852092e+02
1.959003494726447343e+02
1.959304283518447960e+02
1.959304283518447960e+02
1.960864184170943929e+02
1.961607983392899541e+02
1.963843585869047672e+02
1.963843585869047672e+02
1.963843585869047672e+02
1.963843585869047672e+02
1.966597325745427725e+02
1.968182642742027326e+02
1.968182642742027326e+02
1.968767148770339475e+02
1.969839137357619734e+02
1.969839137357619734e+02
1.969839137357619734e+02
1.969839137357619734e+02
1.969839137357619734e+02
1.970667254176855181e+02
1.970667254176855181e+02
1.972770838062439509e+02
1.972770838062439509e+02
1.972770838062439509e+02
1.972996710879852174e+02
1.973974429587005375e+02
1.973974429587005375e+02
1.973974429587005375e+02
1.976916351038379105e+02
1.978073051837215814e+02
1.978073051837215814e+02
1.978073051837215814e+02
1.978073051837215814e+02
1.978073051837215814e+02
1.978187088435704482e+02
1.978187088435704482e+02
1.978187088435704482e+02
1.978680577551364195e+02
1.981341881230964930e+02
1.981341881230964930e+02
1.981341881230964930e+02
1.981341881230964930e+02
1.981656644138620891e+02
1.981656644138620891e+02
1.982487536868501934e+02
1.983582366919324329e+02
1.983582366919324329e+02
1.983711522728723935e+02
1.984449292244195249e+02
1.984449292244195249e+02
1.987466709324821466e+02
1.987466709324821466e+02
1.987475469111302004e+02
1.990028477741203687e+02
1.990028477741203687e+02
1.990784454905616769e+02
1.990784454905616769e+02
1.990784454905616769e+02
1.990784454905616769e+02
1.992010782147124530e+02
1.992010782147124530e+02
1.992723653635335666e+02
1.993628432700164979e+02
1.993628432700164979e+02
1.993628432700164979e+02
1.993628432700164979e+02
1.995192773509217261e+02
1.995673960554769053e+02
1.997330324551956267e+02
1.998220795989472549e+02
1.998220795989472549e+02
1.998629910949660200e+02
1.998873154220691504e+02
2.001882378933253506e+02
2.001882378933253506e+02
2.002623806153601436e+02
2.004628619013246862e+02
2.004628619013246862e+02
2.004628619013246862e+02
2.004904969623441389e+02
2.004904969623441389e+02
2.004904969623441389e+02
2.004904969623441389e+02
2.005530237231612318e+02
2.005530237231612318e+02
2.007546351048518147e+02
2.009312214764215980e+02
2.011246267643781778e+02
2.013816679749751870e+02
2.013909363817764984e+02
2.014917723532615810e+02
2.017933535917100869e+02
2.020641875425289129e+02
2.021004908258094304e+02
2.022027987684293464e+02
2.022277145077798366e+02
2.022882133766137258e+02
2.023218413673479574e+02
2.023218413673479574e+02
2.023218413673479574e+02
2.023635600998812549e+02
2.023635600998812549e+02
2.023635600998812549e+02
2.023711006097542793e+02
2.026814442477720206e+02
2.028502513939854452e+02
2.028515369124769165e+02
2.028515369124769165e+02
2.028932748468286320e+02
2.029490651993679364e+02
2.031531274821093689e+02
2.031531274821093689e+02
2.032875955445493048e+02
2.032875955445493048e+02
2.032875955445493048e+02
2.033345864208997114e+02
2.033345864208997114e+02
2.033345864208997114e+02
2.033345864208997114e+02
2.034029671821345175e+02
2.034029671821345175e+02
2.034029671821345175e+02
2.035707656613249696e+02
2.039597635252010832e+02
2.041531804027020485e+02
2.041531804027020485e+02
2.041531804027020485e+02
2.043352398532730092e+02
2.043352398532730092e+02
2.043352398532730092e+02
2.044095620815368193e+02
2.046385689504436414e+02
2.046385689504436414e+02
2.046642244902959078e+02
2.046642244902959078e+02
2.048703546001118525e+02
2.048703546001118525e+02
2.048703546001118525e+02
2.048703546001118525e+02
2.048703546001118525e+02
2.050490165282025998e+02
2.050490165282025998e+02
2.050490165282025998e+02
2.050490165282025998e+02
2.050490165282025998e+02
2.050553406615292715e+02
2.050553406615292715e+02
2.051799669963481847e+02
2.054506505919127335e+02
2.054506505919127335e+02
2.054816878934177282e+02
2.054816878934177282e+02
2.054816878934177282e+02
2.054816878934177282e+02
2.056364076011456916e+02
2.056364076011456916e+02
2.056364076011456916e+02
2.056364076011456916e+02
2.056364076011456916e+02
2.060575743209340942e+02
2.060575743209340942e+02
2.060575743209340942e+02
2.060575743209340942e+02
2.062652731922738383e+02
2.062652731922738383e+02
2.063055873701933081e+02
2.064888824368546238e+02
2.064888824368546238e+02
2.065360509634818698e+02
2.066729046043127198e+02
2.066729046043127198e+02
2.066729046043127198e+02
2.067185155281582070e+02
2.067185155281582070e+02
2.067185155281582070e+02
2.067816216412703909e+02
2.067816216412703909e+02
2.067816216412703909e+02
2.069086660307180239e+02
2.069086660307180239e+02
2.069086660307180239e+02
2.070563100862478620e+02
2.070563100862478620e+02
2.070563100862478620e+02
2.070563100862478620e+02
2.070563100862478620e+02
2.070575296348166034e+02
2.070575296348166034e+02
2.070575296348166034e+02
2.070575296348166034e+02
2.070575296348166034e+02
2.070575296348166034e+02
2.071912431245796142e+02
2.071912431245796142e+02
2.071912431245796142e+02
2.074075562178381062e+02
2.074075562178381062e+02
2.074075562178381062e+02
2.074075562178381062e+02
2.074075562178381062e+02
2.074075562178381062e+02
2.074075562178381062e+02
2.074075562178381062e+02
2.075817140528508276e+02
2.075817140528508276e+02
2.075817140528508276e+02
2.078777051928489925e+02
2.078777051928489925e+02
2.078777051928489925e+02
2.078777051928489925e+02
2.078777051928489925e+02
2.080070857022665223e+02
2.080070857022665223e+02
2.080070857022665223e+02
2.080070857022665223e+02
2.080070857022665223e+02
2.080070857022665223e+02
2.080152679771854594e+02
2.080152679771854594e+02
2.082093788137577519e+02
2.082093788137577519e+02
2.082093788137577519e+02
2.082093788137577519e+02
2.082093788137577519e+02
2.083280495064320519e+02
2.083280495064320519e+02
2.085375926607159727e+02
2.085375926607159727e+02
2.088999303837436798e+02
2.091112779322266988e+02
2.093694163165666566e+02
2.094757003273551561e+02
2.096600249001317877e+02
2.098162564191541151e+02
2.100140509832646671e+02
2.100140509832646671e+02
2.100365257361384579e+02
2.101297314130871712e+02
2.101297314130871712e+02
2.101297314130871712e+02
2.101297314130871712e+02
2.101297314130871712e+02
2.103549464392442303e+02
2.103549464392442303e+02
2.103549464392442303e+02
2.105883235037619841e+02
2.105883235037619841e+02
2.108141544872872828e+02
2.108141544872872828e+02
2.109238197455609054e+02
2.109238197455609054e+02
2.111394842636689191e+02
2.111636883471414876e+02
2.112573064559113902e+02
2.112573064559113902e+02
2.113750884782377568e+02
2.114992584545422289e+02
2.118740530979168568e+02
2.121347997083217933e+02
2.123484459506395012e+02
2.126513060126544588e+02
2.127749379025201790e+02
2.128457332748942576e+02
2.133515203791760655e+02
2.133515203791760655e+02
2.133515203791760655e+02
2.134338449789297556e+02
2.134338449789297556e+02
2.135647492564558263e+02
2.139730668877423625e+02
2.139730668877423625e+02
2.141660510683565519e+02
2.144390051271468849e+02
2.144390051271468849e+02
2.147280545429608196e+02
2.147280545429608196e+02
2.150168195156343245e+02
2.150168195156343245e+02
2.150215844461342556e+02
2.150215844461342556e+02
2.151326811197926645e+02
2.151326811197926645e+02
2.151326811197926645e+02
2.152045537590522315e+02
2.152045537590522315e+02
2.152556867435339143e+02
2.152556867435339143e+02
2.152556867435339143e+02
2.152556867435339143e+02
2.153724530604988843e+02
2.157350290778059048e+02
2.157350290778059048e+02
2.157350290778059048e+02
2.157350290778059048e+02
2.157678146353883619e+02
2.159957841035856063e+02
2.161776793682216464e+02
2.161776793682216464e+02
2.161776793682216464e+02
2.161776793682216464e+02
2.162121700027653617e+02
2.164904614353508805e+02
2.165052343258645635e+02
2.165918571562561397e+02
2.166492687669586417e+02
2.167176891068422151e+02
2.169441029004846939e+02
2.169441029004846939e+02
2.169790189234227000e+02
2.171373522813206591e+02
2.173244144728068363e+02
2.175197245759782447e+02
2.176332022803626103e+02
2.176332022803626103e+02
2.178808495515798995e+02
2.178808495515798995e+02
2.178808495515798995e+02
2.178808495515798995e+02
2.180209424503492812e+02
2.182455777337378890e+02
2.182752289404245971e+02
2.182752289404245971e+02
2.182752289404245971e+02
2.183965835788385448e+02
2.183965835788385448e+02
2.185879149657395146e+02
2.185879149657395146e+02
2.188107241080706729e+02
2.189503910365551178e+02
2.189503910365551178e+02
2.190861751327932438e+02
2.191757488753773657e+02
2.192352034163166365e+02
2.194240928294199193e+02
2.194240928294199193e+02
2.196046422732757719e+02
2.197937567994653421e+02
2.198704335982765485e+02
2.198704335982765485e+02
2.200330263494138308e+02
2.200330263494138308e+02
2.204638326505439352e+02
2.205170372085788131e+02
2.206277373770977590e+02
2.209379662470581138e+02
2.211887662351998927e+02
2.211887662351998927e+02
2.211887662351998927e+02
2.212661431523091551e+02
2.215225304304305212e+02
2.215225304304305212e+02
2.215873868104616520e+02
2.219069367068451584e+02
2.220350221285652594e+02
2.220350221285652594e+02
2.220350221285652594e+02
2.222245288213550225e+02
2.223273725792717244e+02
2.223273725792717244e+02
2.223273725792717244e+02
2.226866853724120858e+02
2.229549631391469688e+02
2.232999003524317629e+02
2.232999003524317629e+02
2.232999003524317629e+02
2.232999003524317629e+02
2.232999003524317629e+02
2.234992979409664997e+02
2.234992979409664997e+02
2.234992979409664997e+02
2.235615786469657280e+02
2.237280292572750682e+02
2.237280292572750682e+02
2.237298723017948134e+02
2.241250935607507699e+02
2.242109500951372638e+02
2.243285764346558722e+02
2.243285764346558722e+02
2.244742348291389931e+02
2.244742348291389931e+02
2.245615379260189002e+02
2.245615379260189002e+02
2.247835903396423021e+02
2.247835903396423021e+02
2.247835903396423021e+02
2.249641251919396439e+02
2.249641251919396439e+02
2.252419288158141057e+02
2.253534543728086987e+02
2.253534543728086987e+02
2.254717223024998987e+02
2.254717223024998987e+02
2.257334672036901964e+02
2.257334672036901964e+02
2.257334672036901964e+02
2.257334672036901964e+02
2.257846469378100664e+02
2.258071858565540424e+02
2.260079145299870049e+02
2.261755825701717697e+02
2.264081663844192462e+02
2.264510013385759066e+02
2.264510013385759066e+02
2.264510013385759066e+02
2.264742229335973605e+02
2.265660199312441136e+02
2.266763155477602822e+02
2.267549333405056018e+02
2.271826029812394836e+02
2.272275492426677488e+02
2.273925848966446779e+02
2.274195121952485579e+02
2.274195121952485579e+02
2.275984825609930340e+02
2.279288783916830141e+02
2.279288783916830141e+02
2.282680151238598398e+02
2.285475569833764382e+02
2.288719398244604122e+02
2.289927229427986504e+02
2.291718308143342711e+02
2.294729811142930771e+02
2.294729811142930771e+02
2.296071338343622585e+02
2.296071338343622585e+02
2.296448894099068809e+02
2.298451060649003637e+02
2.299452894625408135e+02
2.299452894625408135e+02
2.299652755274427420e+02
2.299652755274427420e+02
2.301092215720307479e+02
2.301135628335371450e+02
2.301135628335371450e+02
2.301135628335371450e+02
2.301443048051583844e+02
